hw/01/idw.asc
NCOLS 250
NROWS 250
XLLCENTER 2.5
YLLCENTER 3.5
CELLSIZE 1
NODATA_VALUE -9999
[rows 152 to 170 of 250, columns 44 to 87 of 250]
114.74759147865942 115.25483923684536 115.7275762176306 116.32012000382184 117.29998209401921 118.12806371873972 119.45310999502757 120.8276229433515 121.85402491815319 122.74706078579985 123.34931096354741 123.4020828054853 123.23365638610781 123.0362169705334 123.18752223713993 123.69130735306811 124.04645153619038 124.75808675752884 125.39523949403377 126.13151792116737 127.34017210881147 128.17803638898002 129.09187090566374 130.50637647406683 130.95889723932186 131.22655530338426 131.2590479417211 131.39024337524253 131.83946722379108 132.67496946724026 133.92251447962275 134.89759849876626 135.23687681304858 135.3728989123563 135.3974395949726 135.69750343234608 136.5240474157067 137.07241724862195 137.16893526377632 137.41902426067082 137.68108421847361 138.16257356288105 138.61910226165875 139.17582062185502
114.62069131722922 114.93345681760009 115.28705373875304 115.81722051591476 116.4319335325604 117.57179450869283 118.59467073139125 119.71315798630367 121.32389899783901 122.17994834142544 122.78309444051489 123.00907515902685 122.91275464328938 122.71944803128015 122.86935378638547 123.01209783235979 123.54435854214944 124.49814706097462 125.16256113236221 125.91228955876221 127.10397382866108 127.91234824884228 128.72098356326114 129.69295866318544 130.60375557339373 130.96692227458746 131.11159915685332 131.31121986537002 131.74130565562498 132.40160333527646 133.51759571450089 134.31572429844064 135.01393726033865 135.08048400628965 134.88032483238587 134.9716037297666 135.90281307690196 136.81115462006758 137.16254126458796 137.32986905712193 137.3977381471501 137.79732517176757 138.3111053400754 138.75684834544987
114.68836836376816 114.60161672986385 114.77997625912181 115.52166770708968 116.18341877115621 117.25340247380701 118.18307415492197 119.1653861867697 120.3889569652015 121.35327582839471 121.88200578801847 122.31028426796551 122.34224128056137 122.23978795122436 122.44188588866841 122.81390977649478 123.21375874289997 123.76652036162271 124.90447714770409 125.57243685761445 126.79684588359002 127.54308679929576 128.2156195544336 129.0490587571373 129.79133043114905 130.2423899841212 130.5334017611328 130.81620678456056 131.505883012473 132.18301769041858 132.8625528254016 133.98734384522777 134.52129926756757 134.87580533330504 134.8322485537211 134.91268256193857 135.62818384952507 136.40030428780204 137.07481648132753 137.30537866016726 137.37362872762162 137.740025754065 138.080737197356 138.36408959531482
114.59688419068996 114.51985918821775 114.67576213363873 115.042615214501 115.95335217492617 116.94706662705693 117.7768203864312 118.63156573439247 119.43825008314938 120.34797997301014 121.21529935584805 121.63420806684147 121.7362435927597 121.73074866418693 121.96998725486436 122.40030953347151 122.85825719870301 123.46053238877674 124.03564393487581 125.33028408036841 126.51547070898962 127.18083085596147 127.70673700219422 128.34542587981804 128.65593931007513 129.34109399945794 129.74116523001848 130.0575961673015 130.93804195866974 131.65443198063863 132.46122674893897 133.2278072215157 134.0849433978423 134.71779056320133 134.91872087748476 135.1234819241573 135.5809457608534 136.15294023034747 136.72135911781163 137.15685535124052 137.44541556621778 137.82482200514013 138.19792407357224 138.27921487136925
114.33392759133888 114.36059292081299 114.54379305956229 114.90149280075336 115.4213088180279 116.07806941446319 117.07644925516074 118.17333432896345 118.91153860710787 119.57585855117168 120.76571111761592 121.10349331166437 121.36022133770766 121.38791303675418 121.58474088356115 121.89463695683727 122.36959729971377 123.01365937802132 123.79367606778936 125.1161871591208 126.27853939504887 126.89066095993473 127.30496026415788 127.53680771289622 127.8585245239828 128.29014247980973 128.84867771151576 129.335155898466 130.46987592084528 131.0976428176468 131.938212984391 132.74072669565615 133.46341599936866 133.98848962654685 134.7620721062398 135.08554642629608 135.46219757710418 135.9000957738342 136.29614950231908 136.8971092348291 137.37002627693496 137.7755312517888 138.15902872327663 138.22681465194086
114.01200304837467 114.14325167251583 114.37755314817309 114.74508659612304 115.24214473551986 115.84939867434366 116.77441815012983 117.31585043293872 118.06358940098167 118.95200402212308 120.04055546273752 120.85861428337468 121.24272836872929 121.25557108271543 121.24007945100242 121.52408796047018 121.9141470266495 122.49604098217618 123.23652287189422 124.0774581942013 125.68999494970475 126.3465743425896 127.05206757594084 127.18065786316801 127.2798660874687 127.50140328425498 128.07363534729976 128.69739859219865 129.70797156158014 130.28177044589557 131.04562546119067 131.82639862006957 132.6238484248977 133.3502988531048 133.8959035408917 134.78223835959815 135.16693858077167 135.66140709081793 136.00159304381873 136.41925037618915 137.115500673915 137.3450560515363 137.5688939555849 137.6830691581238
113.66943286328004 113.8836124422906 114.17685867212978 114.5685995845137 114.94664635086808 115.48720446246203 116.3061400858346 116.96230515834738 117.67781743311735 118.55790014732703 119.71695681593106 120.53730493986014 121.18567757059168 121.20443211996314 121.10579962614081 121.12259897976598 121.38239930906296 121.87980662714928 123.00017728592222 123.86372312541542 124.7626353706296 126.19420806879961 126.67648716972967 126.909599748663 126.95468811132922 127.011534704182 127.6258056060743 128.31808061749996 129.1376962553071 129.66958860135009 130.30324592682595 131.1393761730418 132.01400333202997 132.833732888796 133.45476655871988 133.95682021840744 134.4376042348778 134.97982040083028 135.6043578759181 135.9058802737626 136.524802228624 136.73923405298405 136.82293681448445 136.86689366068927
113.27844390839715 113.58261442577071 113.94545749686101 114.28589534817944 114.74597120833715 115.25299800946776 115.99982098416494 116.59670623514603 117.25778606767837 118.05095125636795 118.98458742454146 119.81582156871443 120.49550498646603 120.73696950464945 120.74633001305955 120.8052817020929 121.08213128441783 121.58419102980942 122.28806743551836 123.62107247170147 124.34754920522208 125.81786083573131 126.40744648735988 126.75406547388612 126.90894662222858 126.96012318084541 127.46022137606559 128.12617103049575 128.67959730420378 128.9320872881559 129.5555679310983 130.48830044658717 131.52744508356824 132.36483284553935 133.0384233695731 133.64838910448424 134.09277418508808 134.4867014098941 134.99239364950986 135.55289043605484 136.04282953485503 136.3197694742012 136.38916235581618 136.43757738094303
112.62014449190059 113.20270242785774 113.62863104662884 114.08027296988035 114.54476683713527 115.01472254714297 115.67289539046062 116.20577058936792 116.85148043677127 117.48287839037354 118.27232820085648 118.87778713290268 119.32268737042274 119.61414989336372 120.09382327476442 120.33784468609849 120.70588623315257 121.16777811924015 121.83488497624145 122.6471443753839 123.56623323676787 125.50388303942105 126.12165959126465 126.60711490431383 126.77976937783318 126.91325934138561 127.47646484884714 128.01899331716723 128.27278447627728 128.34679404924134 128.87634005526445 129.96313987683914 131.128121541518 131.99231887089002 132.67961737138415 133.31012686925598 133.74997271035784 134.03232521678567 134.44724613644814 134.83278572498094 135.3635701383827 136.04302745705462 136.30174402998793 136.305951270008
111.92767694162367 112.59723741058713 113.09394109702536 113.5954733935962 114.35867432692567 114.77888037810912 115.31603084974192 115.80891534710653 116.40153629536773 117.07089656902035 117.79160859156787 118.1473176587606 118.28627762177527 118.66997122675707 119.37112968739567 119.80484815444102 120.23990579298233 120.78058784177246 121.43923614423052 122.21685666199281 123.13964816349143 123.93185947331177 125.61909409520842 126.16526802215681 126.50528340198436 126.89552567956186 127.39955736752577 128.0403723342756 128.23616707874638 128.32909947104923 128.7899712692921 129.62975047579187 130.6996020770024 131.47856035104257 132.05057607564007 132.90824909996434 133.3144186781685 133.65674046609766 134.01316221943046 134.34962345196323 134.87449487953893 135.45438196554292 135.93336117627223 136.04992464791047
111.48136669348665 112.25133397785395 112.84822662188094 113.42353861745514 113.93370131880584 114.56292725046704 114.9426173972383 115.30141324198154 115.91037061960212 116.78492177892035 117.61190140770196 117.95605714341707 117.99272464658095 118.1870769830122 118.64499659340787 119.32675250328403 119.82113628357826 120.36816099934269 120.99918896904211 121.83189706905281 122.56101352446468 123.33478859763326 124.22485152922359 125.48509529796252 125.91012919835227 126.48237996853653 126.97648778023128 127.7508075334453 128.14626651493327 128.4013168585754 128.95651895271197 129.64076964347157 130.32518122250954 130.93249469233658 131.89152245094272 132.3708112664511 132.9902462704976 133.3099476848932 133.53260000875866 133.76757365451667 134.21533006065047 134.86716063025273 135.4598045777579 135.95862518881918
110.91065246075627 111.7438225334444 112.6434034732253 113.2960739968282 113.84878567877976 114.22488018589284 114.47121770959356 114.75761330174842 115.36399585310981 116.34924023484818 117.35502607888023 117.89762388864365 117.92944759339767 117.94444991553803 118.1986175788064 118.44117742074125 119.12910926898307 119.58406681284572 120.1663983901184 121.24408014964854 121.8880761250423 122.5247971976939 123.5012850890199 124.85312081246933 125.40951976885877 126.0080217370443 126.53488289405941 127.19717369410859 127.9146673111055 128.22213033608358 128.98356973333065 129.40954615466808 129.9191043656641 130.70712249939598 131.35660684065743 132.0800235728773 132.48027969082236 132.7885511649284 133.08353824744287 133.17968527474537 133.40912368940369 134.03530787836067 134.8354950691609 135.39918694353966
110.66207156734062 111.29581921173182 112.00021836984709 113.1909065339056 113.79273019417437 114.24392896938227 114.31874845236119 114.36019370576987 114.83908490871512 115.76319218716915 116.72164558967043 117.48997532807434 117.63424169372999 117.69001609003132 117.90909883238994 118.08116958659839 118.3293434122266 118.7546182361365 119.80119919964184 120.20657334871916 120.65076819375022 121.25602265070091 122.52712552398482 123.25988149106615 124.48374613687544 125.14180391295382 125.71115558818121 126.37764108575185 126.87857687378586 127.72928135996258 128.36177908935056 129.23589602535296 129.67938126604375 130.1679885920174 131.05611275958728 131.52922294498205 132.16410090569988 132.49316389843565 132.68608591474097 132.7232070625853 132.7828911624847 133.38430717086476 134.10185678954034 134.67629190053174
110.5469551550833 111.15844215758563 111.86299469429272 112.81287827736722 113.71572666630034 114.17748379019349 114.2980212284171 114.32362437951195 114.56599191711271 115.31672216308714 116.0240149140384 116.79306198409452 117.04351080132206 117.22792802243319 117.25060484667104 117.66466708462589 118.02866739183222 118.46105281109818 118.67178822496622 119.5305714410957 120.04240197121351 120.58620807743927 121.36488225298528 122.53202317239774 123.01141718080886 124.63621669499105 125.13118071028588 125.67689266693937 125.96006460664432 126.78707713383272 127.51474632464458 128.60150610599538 129.33425725199095 129.77777612300596 130.43520340821038 130.94045824631405 131.83557736321205 132.18343036527563 132.47239900796944 132.6318339696133 132.70572254666712 133.107822852836 133.7058390643595 134.3316469416088
110.31172209546186 111.0515910445142 111.64434686867615 112.62731130468717 113.33730351527662 113.83746817505752 114.10550649823267 114.28466125641756 114.44707758725623 114.95901557014489 115.35017064707358 115.86754732101 116.31340230780138 116.60079888600869 116.69630364867803 117.0414948845761 117.3706818622209 117.86020836364006 118.20615321137505 118.61542992135332 119.08275289459327 119.58874212661377 120.67501049604148 121.43675679365236 121.92008076269462 123.72994110601215 124.12287927408238 124.97265114339963 125.29030501621554 125.9668674881793 126.66833646284276 127.1077406218315 128.6452013807737 129.16850602350289 130.00908400536758 130.5609826293045 131.03482333283608 131.7608401405075 132.11654280674918 132.3403939720665 132.5713503665058 132.89522786939452 133.43087041230478 134.09808929175404
110.11331128210931 110.8331092274716 111.42950674519427 112.08404173280705 113.04852136280094 113.48605423261448 113.75992618725266 113.87899670558069 113.95501185552052 114.05042695474856 114.67824534975523 114.85035555376498 115.02818996286433 115.68756643827997 115.99654561873074 116.67639926558827 116.91879979756496 117.39856962291364 117.7215341614517 118.11726367727348 118.58087554161311 119.08234184176887 120.02743705741248 120.5329415091794 121.01729920666631 122.4434135210897 123.424531939279 123.82921826763679 124.62819287084592 124.9948968613467 126.12509201840234 126.60303243742197 127.42012001637451 128.43690677017247 129.40959493062095 129.9840819627081 130.4506068319368 130.95055685811664 131.5100231775646 131.6557293325722 131.84815221458268 132.3995860474658 133.09937555523962 133.92567848140504
109.85326862300327 110.27673861725118 111.14322241519874 111.85257036877279 112.68161974940647 113.05860801539775 113.27175686941939 113.39685029564222 113.4157461186455 113.3882877290553 113.60615336973694 113.95369766040201 114.18415269200364 114.9851799046726 115.60446053942452 115.92264474333466 116.67716380617188 116.9232093472311 117.21789501691273 117.61881139233054 118.11538601849476 118.6500603962932 119.56677681091499 119.97275497006338 120.41320278499131 121.46972983905547 122.33080921143625 123.26193785436072 123.71035078975126 124.13826731333899 124.98933219149083 126.04223405993837 126.66176717996703 127.59069820125688 128.45293993757562 129.39869029026093 129.89404311845178 130.3875482137839 131.05919029332674 131.20723330978794 131.28037819157043 131.79592150989004 132.70381242690246 133.49359268226866
109.28682736096985 109.7687730534514 110.31896829122408 111.34921903055069 112.16469564498883 112.55819676844126 112.7982040764042 112.87992899056482 112.8188248954305 112.67010510241678 112.73039281967317 112.98601333508263 113.47536008800597 114.13183396225438 115.12982669244086 115.58500940054446 116.05224436264196 116.4560683796158 116.69763735524499 117.12170103079217 117.67094406207062 118.3521604245876 119.13417403143363 119.58478475603378 120.04869388563021 120.77881827109002 121.86356936460123 122.83049913412228 123.36980191348471 123.87127789934719 124.44551816716509 125.18715147863672 125.82068083175916 126.8410692319151 128.0953585897085 128.7107662900937 129.19520155080315 129.57605877671656 130.48489832700136 131.10209238831965 131.19240925346182 131.53997878686593 132.26949966014473 132.94276603938053
108.42566570408961 108.8343315101201 109.54721731664392 110.44373362122899 111.37148984896362 112.15694261922573 112.38257122462629 112.43221949321342 112.30605452785673 112.18982941083675 111.93147139873031 112.07031887835338 112.7507773357957 113.56610939429235 114.51651957169064 115.35908605111945 115.82850141194625 116.04474154041583 116.19225761208759 116.6522238905827 117.33957664498875 118.04424095483533 118.85435946942962 119.33406785818981 119.76043070003607 120.48023840580888 121.44247795194187 122.22062398230236 123.11439445439899 123.76465949630101 124.29801695614688 124.56208547867149 125.30578413986568 126.4044233723135 127.56748102188989 128.5381236769508 128.73500408332634 128.8398220597418 129.68490051652122 130.6368560574898 131.0461646989317 131.36367009915435 131.94518603891598 132.48249049388474
