hw/01/idw.asc
NCOLS 250
NROWS 250
XLLCENTER 2.5
YLLCENTER 3.5
CELLSIZE 1
NODATA_VALUE -9999
[rows 171 to 189 of 250, columns 176 to 219 of 250]
128.18268967623783 127.25715267367744 124.29686021548976 122.30560407120652 121.27550101573216 119.07207701317333 118.29815325774337 115.95224210371941 115.90231346281855 115.86901111438242 115.99298304104252 116.07098346184128 116.07483152997374 115.7921772391463 115.23587395036314 114.21112584733002 113.47088396907343 112.93803153546656 112.34454281142834 112.21815065748277 112.09620729194228 111.93250397132987 111.22284256767611 111.23102463651743 110.7894308804117 110.60913523177804 110.97328458949706 111.20560373418249 110.74219729535601 110.50993188620356 110.1729357877585 109.97589412464616 109.42265104653751 108.81100086219298 108.23931552436048 107.76910753812088 107.4097739516688 107.14446486632478 107.6642807364341 104.64955307189543 100.45462748387098 100.47942848920864 100.42754846846847 100.37501333333333
128.726912756323 128.42044992253605 125.7220178122766 122.99037524609287 121.81600857945263 119.46871887254778 118.59214047678702 117.81581212799674 116.31339645515268 116.2992518362105 116.8325775355682 117.32738717119364 117.30781109621866 116.6476609975238 115.99294007609691 115.40984260370686 114.7617900841683 114.33755333887243 113.98213696239019 113.8249048640956 113.21969595563787 113.04616602349645 111.69347114015947 111.67952893492836 111.26371589068748 111.17058351548317 111.58815889377985 111.86605038945181 111.89079294278426 111.76244780443749 111.45100935127532 111.2163694940289 110.75522843713279 110.10863183169133 109.42104380530974 108.8019216385684 109.6612940590164 109.40238946893506 108.30991759259257 105.1194275662978 104.14387262336504 100.76790907801417 100.7884292035398 100.83439078651686
129.02363364495056 128.8049368070084 127.42285708064905 125.3295300040257 122.39609432122589 120.17530458781363 119.01019598126017 118.30477182106873 116.88505456927172 116.77573798567494 117.08833352561918 117.43671370054301 117.42753098224037 117.00617189569607 116.73327522546677 116.4791415134184 116.24747610628876 116.02728958623024 115.09043899682463 114.82464512389365 114.58032218898013 114.15674654284992 112.99061951272395 112.77758402960791 112.14262137487468 111.85669679289731 111.92278685282115 112.19463445828679 112.23492760736195 112.21111908303617 112.31848708423324 112.30619262723519 112.04728034557232 111.61878251954117 111.12898625324306 110.66110865311053 110.259611038094 109.9372338250405 108.8746173448276 108.61665060693642 104.80820320150659 101.04939292517007 101.1351099159664 101.26575115789471
129.60622915658695 129.6927033311117 128.59651250768167 126.57560946680832 123.53679901631108 120.75310780102251 119.48062501555921 118.99030070109818 118.44062207630188 117.21275342240543 117.12188654307869 117.27145774807232 117.47143809793275 117.48775414102 117.55240208087052 117.6133838623173 117.59274378755066 117.48137383845894 116.7211133514904 116.45993350766037 115.46623485396336 114.90450650502464 114.2351059273923 113.42747629055367 113.01845650637546 112.37375089094157 112.31379717391303 112.2831519230769 112.25217253937764 112.34940023323612 112.61592788783355 112.6251869402411 112.37375988363635 111.9783407897249 111.52591358358087 111.0794151525459 110.67738763782954 110.3365652047372 112.7027 112.7027 105.1455544 101.30316751592356 101.4373226356589 101.62459904761903
129.3240897945104 129.5235781797321 128.70672216768372 128.19509224915424 125.13471175121991 121.33703439092211 119.93416007330302 119.41338587386171 118.8706098155721 117.88517086988622 117.88145076332852 117.75758343742656 117.87565241982728 118.08089110066639 118.33951796231842 118.54089644958802 118.58258010741078 118.47007015284117 117.9983115449625 117.70020613895898 117.1137603757434 116.81901950884415 116.05616986342409 114.64963900372433 113.92980137882931 113.29547051026377 112.66568810157548 112.33909166666668 112.38757277777778 112.54686785714284 112.63237211114293 112.63890990500087 112.42994842048518 112.09824962641183 111.71064602187433 111.31513427332747 112.57595652380951 112.56533685185184 112.7027 112.7027 108.304475 101.51628538011697 101.67903580419579 101.89302857142857
129.1109949922792 129.4192759604219 129.65345969939958 128.35976063340883 125.59713975210576 121.87077037930133 120.58474284426596 119.83783460081203 119.70005134859571 118.73296648644346 118.77188700458348 118.94750906074029 119.10338830095152 119.0243791422444 119.2556192489576 119.40364859216112 119.4225066310921 119.19319181429775 118.75552289675888 118.85164817026947 118.74188284046254 117.89474473646057 116.67447962335746 115.824366478902 114.39389382017006 113.86476826512454 112.97468613262554 112.40142452380952 112.45544633333331 112.5516626923077 112.62997833333333 112.65075595238093 112.63936177419353 112.62028211111111 112.60227484126983 112.58720088235293 112.5749457207207 112.5649930141844 112.7027 112.7027 108.30447499999998 103.90625 103.90625 102.07524715328468
129.14067786493567 129.45387993050048 129.68612989233137 128.50151456522664 126.94062664019009 123.99705141721415 120.92999590646039 120.59517155025782 120.18508068186044 119.74948272566128 119.90055286080235 119.99669250207207 120.11268092510198 119.89388166632634 119.85204199786565 119.68277480696243 119.67912313102607 119.84678340803823 119.97162515758002 119.5671008365805 119.3021215190473 118.53101953760475 117.82461305530441 116.95134270610265 115.29373176823967 114.4455262360222 113.38195327629057 113.097993880597 112.484535 112.54144760869563 112.5892542 112.6112114516129 112.61224134146339 112.6035340909091 112.59212321917808 112.58098689473684 112.57107979338842 112.70269999999998 112.7027 112.70269999999998 108.30447500000001 103.90625 103.90625 103.90625000000001
129.45329146531347 129.63986754012842 129.80366500988558 129.93157134304602 127.19529043804997 125.44539095432576 122.24736970339995 121.38179512515005 121.07177951492048 120.31857678634462 120.4805789726318 120.59016780187568 120.67879948130938 120.66118412585243 120.3828196018639 119.80852671835937 119.78038828732984 120.19384788685093 120.47120253280602 120.2464181421672 120.1983629365058 120.13776588358644 118.97657186440308 117.59789404647067 116.61333892745054 115.0878072355606 113.87260207557654 113.48759129972706 113.33914391949791 113.33038445148384 113.34757267694101 113.40940481440134 113.5315717295916 113.70827068881499 112.57982545977012 112.57260160550457 112.56533685185184 112.70269999999998 112.7027 112.7027 -9999 103.90625 103.90625 103.90625
129.88430585236557 129.90792084769737 129.97508604283163 129.76453307228914 127.39787580672879 125.61992385656914 122.88368632181687 122.4383834278611 122.1230059712935 120.86391889763941 120.98343199084086 121.10353943286299 121.20484992826981 121.26555135123067 121.23009399806442 120.99677633198048 120.76743411156349 120.91133782915887 121.0986633142641 121.20538623258264 120.96215222924941 120.7554143096903 119.48135130359262 118.70955515902918 117.26938222833678 115.73540410299609 115.38104064436747 114.9821298933527 114.71897503884328 113.91509582448872 113.95053358244122 114.02618819811538 114.14790341267728 114.30733081883135 114.48584534008683 114.66432344524038 112.70270000000001 112.7027 112.7027 112.70270000000001 -9999 103.90624999999999 103.90625 103.90625
130.25480386628968 130.1696439554549 130.15654776966667 129.92233488764046 129.93745326086957 125.73339221870806 122.99886416298112 122.64024179685369 121.70675999333723 122.20877939343889 122.17084698795422 122.1151591252558 122.03556355150296 121.95204838634349 121.93948274096633 121.86928669852652 121.56734627458049 121.39077937039822 121.32511180458651 121.37639944727295 121.16389805192605 121.00286663754233 120.41368937525696 119.1989335889155 118.23939107983544 117.09598461847517 116.20439702722445 115.8413471415193 115.60995346480375 114.75212007099945 114.81795918261747 114.90210195483196 115.0040263169165 115.11709652041759 115.2308700781075 115.3359314063001 116.40931687074828 116.52110116959065 112.7027 -9999 -9999 -9999 103.90625 103.90625000000001
130.56197222470666 130.45688894714922 130.11802292207793 130.0733659090909 130.05586036 126.46750336387834 124.75793388800471 123.41091458836452 122.72153121275676 122.58944209975374 122.5645006369645 122.51464803131417 122.42366684524691 122.26886744511926 122.088167394129 122.06050869948383 122.04786985319642 121.71183795086768 121.33876602902691 121.31435500648416 121.42068531721648 121.16622469135794 120.95080451813295 119.74280280605535 119.18282011844612 118.26363995555063 117.92704010282266 117.69544380734693 117.54840403110032 116.99677677744843 117.03293475823592 116.03628181058495 116.09284964556963 116.124238758465 116.13541083499004 117.20577999999999 117.20577999999999 117.20578 117.20577999999999 -9999 -9999 -9999 103.90624999999999 103.90625
130.69943798611206 130.58535127554504 130.37686475492637 130.32991835259824 130.11926782696978 127.0186298633798 125.25586125117323 123.74084394080734 123.66748637446281 122.97050530758226 122.9688284959871 122.94720948275538 122.9932707480537 122.88538510394147 122.78719802555204 122.75043148138163 122.54482228386847 122.0175025853302 121.40904314097956 121.33982670055862 121.58524496829236 121.83318408323488 121.72441195911414 120.84945612991058 119.96418561724035 118.96530204447578 118.77044051087267 118.66316864357543 118.6191534373048 118.29280078624079 118.34541284157258 118.35537692165215 118.31955212765958 118.38840707070706 118.2605554954955 118.1276703937008 118.00224312925168 117.89045883040937 121.70886 -9999 -9999 -9999 -9999 103.90624999999999
130.7583829650499 130.54651731623792 130.46391501968503 130.40612908295867 129.22514985005515 126.34390589927332 126.00549411223992 125.33702104698577 123.96814663397898 123.70762505057417 123.79725850533406 123.71843098973198 123.63241929902732 123.527188243203 123.46659961056967 123.41459537520835 123.08000318715679 122.53895288205864 122.00883458439776 121.86197457199951 121.87231068252487 122.12547552983065 122.27780380028318 122.40348170209217 122.13874075429092 120.56857870644261 119.53249528886622 119.54123459648244 119.59130696680634 119.48771672306091 119.55346467778654 120.45835403792915 120.35462835270839 120.21330225862802 120.05396572762469 118.96638270676694 121.70886 121.70886 121.70886000000002 121.70886000000002 -9999 -9999 -9999 -9999
130.68746194325976 130.58921365175445 130.50879523487347 130.44674840305078 129.22814641440237 127.20600436265813 125.89756626696075 125.61950826893506 124.85687239704939 124.55994540102957 124.4229219813454 124.32331239823225 124.24737360924598 124.12789021007531 123.71463104361737 123.5964818691506 123.44271021819273 123.08669515409669 122.71226569933984 122.52059443226307 122.35437102198786 122.45395435654784 122.50877868337567 122.58224028142399 122.76087179405171 122.16039464419477 122.21408000998602 122.20904439035039 121.16333320786968 121.17392851378477 121.16827221895785 121.11765822269172 121.00947829207536 120.85041695166827 122.1356387614679 122.17991896946563 121.70886 121.70886 121.70886 121.70885999999999 -9999 -9999 -9999 -9999
130.6939997754739 130.59979177977002 130.5182603515417 130.08938001269925 128.8855519327331 127.79435922320798 126.23006234418898 125.94434516481851 126.01475615279696 125.45223734745743 125.0559581337367 124.75002096883516 124.7025909128497 124.82896710588152 124.71366694757624 124.18463930832063 123.9484626528688 123.73726792911583 123.31392756854147 123.13399873148069 123.09105959736861 122.75243312727561 122.76498086690486 123.02131861562424 122.90480657745218 122.2995604467354 122.32748064300651 122.28213918752324 122.26081639534884 122.10249914634146 121.9958773255814 121.96073234693878 121.98240584745764 122.033985 122.09486554945056 122.15413738938054 121.77351165413533 121.78989283687942 121.80509366013072 121.81828621301776 121.82914291005291 121.94444 -9999 -9999
130.69040471154827 130.5852320137285 130.7575188747111 130.25396715595306 129.04515166952058 128.04865211838234 127.45619872501757 126.63415952144355 126.40031227817812 126.19941901285301 125.78168753199238 125.23467151214894 125.04642619173876 124.96657421836555 124.91573424939749 124.6461290438197 124.42909750355881 124.27045777155192 124.11482155806567 123.956117115668 123.57320433324853 123.32631155498034 123.26060072179675 123.31127665956389 123.05228003100169 122.91900506452971 122.47492435897435 122.56150201421801 122.41403102389079 122.13182952254644 121.94221812041253 121.91445090395482 122.01165960716062 121.98240584745764 122.052645270123 122.10695180236449 122.14200264553877 121.79695504201679 121.81406175572519 121.82825258503401 121.83934592814371 121.94444000000001 121.94444 121.94444
130.76345197687502 130.64659390884967 130.2968699797547 129.97813847213405 129.31007527434306 129.06805074673832 128.24482849317724 127.23216218415341 126.77103589388258 126.65149543013662 126.55811094575657 126.23407529691131 125.80724680992442 125.32976345825915 125.14181199341937 125.03525857904013 124.94672877669264 124.8519099480333 124.71719214913884 124.73662264637933 124.58988245629111 123.95096975307165 123.49053834787911 123.47453761514467 123.16417303063089 123.20641230873747 122.84828526959173 122.80897389380532 122.48566541339568 122.06563628571428 121.7784608815576 121.76614673823178 121.92697063135944 122.12139923209818 122.28384300984106 122.10843401826483 122.14170289075501 121.80799019801981 121.82664999999999 121.76664468774082 121.76534392165857 121.77918264705882 121.77015273584904 121.76131529585798
130.6378076235294 130.36806782349825 130.09234654123887 129.98999464685573 129.47744654401427 129.22927589342603 128.491337915945 127.83810946924304 127.29906904800825 127.21074838931852 127.1727509945373 127.16618835121857 126.92096616814959 126.3471720656544 125.91057599892846 125.7390556838781 125.7808789470802 125.7466360136684 125.57043757135847 125.39936255650717 125.22496570012673 124.69852631180838 124.11310661290975 123.98073590473967 123.75689260736523 123.59520394413005 123.44224208910406 123.06973197044334 122.76581210526315 122.22509168028004 121.80652941950726 121.78390779924057 121.97162262082169 122.1809680638287 122.34151515087784 122.44082281498335 122.48787301883146 122.05338174227093 121.7756376815195 121.77658836688346 121.77331658052148 121.78228566115705 121.77083389763779 121.75988251824816
130.4514660776025 130.2701672781764 130.06728187909692 129.99600118839905 129.88831010539042 129.39624330233733 129.08412404746528 128.08809146299296 127.8424186872871 127.72469293135109 127.64805781752945 127.87825659893045 127.80113157906132 127.13187481332483 126.57799892798015 126.31696175240944 126.27182728468163 126.2326918267479 126.02693564279282 125.85818741901547 125.85956689657179 125.4343967232608 124.69619304705084 124.48469030413358 123.89111525941 123.70744552124955 123.6433317634241 123.47385304880423 123.31529232984022 122.76100374301676 122.25178043478263 122.10834554225559 122.20494167663729 122.34850680379111 122.45728662517078 122.42046591601687 122.39753593110667 122.35001736032035 121.79039325920758 121.78956146778347 121.78317289763778 121.78566500000002 121.77076954545453 121.75701087155963
