hw/01/idw.asc
NCOLS 250
NROWS 250
XLLCENTER 2.5
YLLCENTER 3.5
CELLSIZE 1
NODATA_VALUE -9999
[rows 19 to 37 of 250, columns 88 to 131 of 250]
84.38415924774809 84.82946597325083 85.57970628412497 86.5189111384148 87.30643157835016 87.63736712481347 87.93479874684921 88.2894862359643 88.70868711939174 89.5923760467273 90.04450418103684 90.43488660918578 90.76489298770512 90.80544565296792 90.99319785638487 91.72497843149729 91.81060009596263 92.0390642218769 91.93643669068501 92.03741692678706 92.38144910758739 92.68579395528427 92.82977501635395 93.31081818935236 93.6911181462181 93.97467892764858 94.71032261369676 95.15482744199625 95.24613708533319 95.56330036236213 95.88355235663158 96.12838951367267 96.11582825678515 95.9012266194399 95.44166122892945 95.0557203948437 94.75482080035479 93.61009256371177 92.97420776667826 92.39909415087453 91.90366157236066 91.67189275977498 91.31983744312181 90.7507862711047
84.78412788215844 85.27306517398203 86.04418076333994 86.96476553248138 88.02317312809232 88.50575445591171 89.22664544950045 89.61846086950102 90.00807384620782 90.38048299746633 90.75719796909779 91.02231787166919 91.21561404608589 91.33765912203245 91.79824867702075 92.00656934759263 92.06853041838409 92.31212309277015 92.42807800729217 92.49973861879732 93.20021961261072 93.32304074825909 93.82714908177469 94.29397403606492 94.82844624764418 95.04263581387998 95.34216257065358 95.56445675511759 95.76908600865822 95.94895182306173 96.05653954434521 96.15883884333984 96.146820701531 96.07125785028693 95.84597072518775 95.63959914785427 95.2285867373847 94.55360706382335 93.5234303872659 93.00676878655922 92.30033675333048 92.00687267651966 91.38689699253703 90.93488846813544
85.66625963684322 86.24842194351116 87.0801461757913 88.07658506249015 89.2489153601215 89.88947020337335 90.36321062945608 90.74347310752118 91.06019035895353 91.33457296847203 91.57573377460544 91.73445274832264 91.8166174822551 91.83223829454457 92.20872194668141 92.5479793034136 92.4071999607323 92.64358489778343 92.76332715099781 93.8659546275455 94.45935200567848 94.36316040373873 95.0673219985316 95.55824140723428 95.77875303276062 96.14044811231479 96.14023036371113 95.98419545889796 96.11271004263425 96.31056664914945 96.29912053277559 96.23569673378995 96.28305341829935 96.32768330583268 96.34986609251293 96.21984381981576 95.79013226335249 95.4719735607695 94.46590130415221 93.90020981838954 92.81157770003146 92.36645420662829 91.54756663541653 91.0449984126286
86.64966406596004 87.29470970120329 88.13453928610531 89.05132170852123 90.38889970217761 91.04936152927779 91.53557177721122 91.86246468128805 92.09360236654003 92.29608032254089 92.46962463461448 92.54571231543933 92.53182716306145 92.79712590154105 92.75004748366948 93.06744449296679 93.49853130151925 93.6007758991095 94.20140721109385 94.39668350786133 95.05482413993433 95.59047795513156 95.94847387354162 96.18417240086251 96.39572315005182 96.74737540638175 96.8770237501069 96.75952441722795 96.78105616747776 97.03270895784887 96.94803590017601 96.88163008634375 96.90373805362428 97.09792881059845 96.83008182814459 96.7663745763589 96.5282858202577 96.1637087376191 95.39006905339059 94.66740558374045 93.63330815049383 93.05004095858676 92.13118167685145 91.32888701192383
87.68060764111226 88.39149791990651 89.24989705746003 90.67591771402546 91.4884067804135 92.16697026352925 92.5926286716401 92.8271185202098 92.97411286352919 93.16978935894517 93.37738047549914 93.46318186798578 93.57056430276552 93.43417486361666 93.64031375033555 94.05019062266159 94.10244146572174 94.07616693279536 94.71614082626073 95.42529056882881 95.93972409329079 96.23824802518023 97.09197571791958 97.75823909118554 97.80047877256834 97.67390379548372 97.81021420847635 97.61699532140184 97.9163399307604 98.03267649000924 97.90865306330336 97.66518967660451 97.67114640542837 97.89759130906097 97.7633858035105 97.73169104770659 97.39306436703825 97.08297228341475 96.64496362266777 95.77752379461685 94.52117685738807 93.75485188408649 92.81664291551955 91.86054892632427
88.66909020554878 89.41991841644547 90.27103808129235 91.65209674636336 92.39552231369478 92.99762321488437 93.3738265281363 93.4759928189518 93.57734375797028 93.89809841842576 94.2733768684517 94.39345714356767 94.38479386621829 94.43044982950683 94.54700228999951 94.5061808833541 94.56291020352852 95.20514832577008 96.61367416976441 96.9190687512419 97.53049643544094 98.07172421449964 98.55481290901649 98.8387716210164 99.01175177388431 98.86368741284852 98.86470221922015 98.85090230686671 99.00539710790338 99.04851312076453 99.08714649369271 98.98164572783658 98.77439983192879 98.66932257746244 98.56374857645051 98.3442553054275 98.04866766050804 97.77322187538766 97.36491053677868 96.95778319939802 95.18813407900127 94.40232723340262 93.36504040271987 92.56716462366451
89.34669890514107 90.31973974663121 91.11634844598804 92.3713962532869 92.97196057046567 93.45260714442402 93.69970387713049 93.73311174251064 93.90621110812678 94.51841275889312 95.17073602153268 95.28932504267274 95.20702917345696 94.92182843496047 95.03827938971843 95.3418664387402 95.97141697311513 96.26296357554298 97.10944599016702 98.00592605518565 98.64068224641635 99.00450542780402 99.53761078033007 99.77374833415429 99.92824087507137 100.38191483973095 100.46633277093999 100.34003385280558 99.91509035366742 99.76434844839405 99.60702480865605 99.50637271178034 99.28746764734797 99.25271586324283 99.13883518147921 98.86289312788766 98.72616992960477 98.48922375996503 98.11625664460249 97.61857681903946 96.44840266384425 95.08951103950604 93.98864541356429 93.0930920954515
90.08233737833635 90.8427964079446 92.41256328730005 92.8959845535322 93.30828051593413 93.60494350378896 93.73757369803074 93.77014022558525 94.10960692669926 95.06845188376181 95.85936124205928 95.92799126131696 95.59148969152153 95.45049329002399 95.98653425967831 96.22391965445144 96.56718306208705 98.0012758250371 98.05953400056582 98.69696345539357 99.21493640424565 99.56858521379739 100.1095758678556 100.32653635800892 100.80843089508154 100.84374914640782 101.13625715158388 101.180166534728 100.9640047090353 100.49901559024865 100.16726817041345 100.02973408488499 99.92108171060077 99.67533986600128 99.53645323499455 99.28926279889839 99.14949505938787 98.92920479771567 98.61828609001682 98.0625039784481 97.48462156555064 95.77613784530595 94.56843275811498 93.69438241283503
90.29873263260798 92.23185386603589 93.02037070451283 93.38132811405966 93.62905863368084 93.76300486342465 93.92656573314824 94.04271766827884 94.50195489607933 95.29549250584532 95.91540044900901 95.97875699990945 95.99966990622092 96.19097356858055 96.19578370604025 96.51939123359098 97.85342384062936 98.43991551757263 99.02096662543026 99.59702067715516 100.09293662455956 100.78130949758032 101.20725210800339 101.30417552001963 101.39064669693163 101.57469236867449 101.56654569031201 101.41833952968004 101.20606153962524 100.76866065604298 100.54285312251267 100.36217175401792 100.14173739215951 99.89973075038912 99.64648636904565 99.31093345820595 99.24368592834989 99.23429929160811 98.90643808595316 98.51634475834413 98.00253944255597 96.70028732801697 95.20486147868682 94.31108169117802
90.8957326782801 93.15415662808847 93.64643965176124 94.27689391026301 94.40009273239629 94.39375794841963 94.35546052444883 94.43454171115081 94.73662448989035 95.2183874274129 95.74198257580262 95.98107549981913 96.23704359653789 96.52263146526523 97.30928879511738 98.24740358258404 98.94665739661976 99.32649872922872 99.98270981207884 100.58145857358855 100.95759491027428 101.15262544009188 101.50684520763927 101.58492339247171 101.7437026159715 101.70291338445469 101.69420990088287 101.59322850510593 101.39496683307244 101.13891544089078 100.72822977999446 100.52767015570754 100.37263597427194 100.15175663045466 99.90915687714693 99.41504802487937 99.33938785768562 99.43274965650208 99.27376197455037 98.89242565822687 98.44507161971423 97.65855526578865 96.34347940617192 95.19528373087087
92.13050399792651 93.69328268024339 94.60654707147847 95.16479997539825 95.29604833572303 95.26122325401485 95.12173536258028 95.04231754819948 95.1225744441868 95.50264109986253 95.88961857188607 96.37252044437847 96.63135364239199 97.18232228194118 97.72857315055617 98.71168599278131 99.41893368386152 100.09515929333291 100.46452714979127 101.00497320583708 101.37495655350759 101.84705740757649 102.0499268973532 101.94044578376148 101.808591766819 101.72651859615628 101.7230591896559 101.69541443584538 101.53804644702763 101.28313397440131 101.00998077022906 100.66474121468025 100.4924389024284 100.36607060047885 100.28144959560382 99.9894498159057 99.86889723017698 99.76443407844809 99.57426082877328 99.22138979847212 98.70538894878985 98.1113633785816 97.46681428140266 95.75722353537321
93.33480703878446 94.90690567013536 95.12007292183026 95.70162970413809 95.8972480417391 95.88589829079228 95.68413320566204 95.47372184679564 95.39249226608877 95.68395767935782 96.68548664068074 97.05802137995255 97.41122604358696 97.90302320301127 98.84848016644035 99.58973340115709 100.3390849131234 101.03754613611942 101.63860758569008 101.99107027154413 102.6610657812196 102.68606460530752 102.49051433590152 102.26353785421658 101.97702205008387 101.76326422027262 101.76033920283203 101.83289155294578 101.66196427522878 101.42254829593382 101.14584430026584 100.90095898088566 100.70338393858877 100.47775250452138 100.43534026068012 100.29063725804008 100.09823591853478 100.02980119413951 99.82076812764883 99.56137984365606 99.04530758807631 98.52867608570061 97.92195603192751 96.11621504012503
93.5798458666424 94.87383117555434 95.63356989604344 96.08673006200362 96.21338552125334 96.2132258581881 96.09391652478483 95.96023254184236 96.22424210245902 96.91440916422891 97.15681886497002 97.61507921086462 98.01351579165129 98.82941972819428 99.47296835816225 100.1733395663789 100.87848972659272 101.89826998547021 102.43587589906461 102.68408112831037 103.1381818656318 103.27647615465129 102.88181392238822 102.64343603642503 102.32607727688591 102.10297313610604 102.02637122023141 102.04291353915038 101.95182035548684 101.71743556564488 101.41927267662139 101.07738862456904 100.96748401368286 101.0775775943046 101.02067736825343 100.5497749004592 100.17142951636554 100.08583617640922 100.04123021851224 99.82506958034992 99.52005338966822 98.9438374867579 98.38965262479472 97.41979526595564
93.70464914091892 95.01057269237691 95.7543902979843 96.15577867987324 96.23114563003203 96.23333010506467 96.1885535205639 96.39170143687855 97.03635443931636 97.36218163594992 97.69252758335143 98.21817155742386 98.65349658753718 99.49209237335612 100.10612537469123 100.76273781863848 101.81134652922252 102.40203537250854 102.90255871854868 103.11635484897131 103.5600770738623 103.82889689234445 103.52883610584617 103.32996649039588 102.92529632491298 102.70821223812328 102.53566993501342 102.42129117571757 102.2439873097411 101.96681728758617 101.69406369803076 101.40089435497453 101.16987559367793 101.188278921334 101.15807785058695 100.89667371712547 100.54230461040605 100.34759010951971 100.19447431946202 100.06838464450117 99.9939082820839 99.52117349934693 98.96903280651259 98.0439521529656
93.72424601489426 95.03863728819107 95.78343614905556 96.19750289864517 96.35394556975052 96.36742356068038 96.47087876848241 96.65156745806523 97.48140299471837 97.90157644022416 98.30903251013291 98.86820826361047 99.31913886439958 100.14569331022248 101.14081999759556 101.74631736177855 102.33890274567489 102.88384038950309 103.35080257299403 103.7476697774654 104.37216112803664 104.3504559941692 104.24695427382007 104.12619474628282 103.90939973517557 103.60156956114771 103.3777519040284 103.0507971292532 102.78597666519053 102.49079351696112 101.98976469913994 101.66212822772957 101.43106155658774 101.31559713348959 101.24909615435043 101.21178964954937 101.0595125417712 100.72366397572186 100.44602644436034 100.22055313382737 100.18887365726175 99.95235710764861 99.18471638875228 98.41964495076859
94.20211513436543 95.52534581290735 96.23642653983033 96.654040344881 96.62266190557403 96.6761674643313 96.8426493054062 97.10704335178711 98.11394742323499 98.59104119350877 99.03864802151614 99.46565666983557 100.29940757504563 101.20742723198816 101.73712182486615 102.28353701206198 103.15574586251734 103.61813762345021 104.0049399968281 104.62726554972859 104.75882113744261 104.701267194087 104.58770214190733 104.53535856952004 104.48766328309242 104.26811325732892 104.08930179606791 103.89226792204084 103.46460610586735 103.06122022104059 102.49870610734564 102.11301683863454 101.83591018965795 101.64219226000105 101.68461304707661 101.7706244999953 101.71094626373035 101.2503639677993 100.69379952338653 100.24619145528183 100.20310606598878 100.0486871431497 99.4249514380363 98.74684036620413
95.0419490036369 95.5670033161934 96.43130556407507 97.06889992264034 97.10429721054068 97.2362685893956 97.4891363399382 98.20830709941909 98.97190858476927 99.46513604801098 99.90336133648017 100.29223433491079 101.39943036737736 101.82792538543184 102.28446425197863 103.13761218854673 103.5943004487601 104.01241001541611 104.53937734763957 104.8980877491517 104.97299067122566 104.83926149686907 104.70930753068298 104.69646650068508 104.73089147402516 104.67194480560815 104.62734738254635 104.47379824687259 104.14337906043738 103.67819257757112 103.17402636654253 102.60066539874384 102.28114722053262 102.12294554357128 102.111963714753 102.35687593289808 102.32135623274841 101.71841844976622 101.04148962286058 100.54322974531762 100.22928451809155 100.04176671725283 99.39405397420371 98.76631360992633
95.11029190318779 95.67827937299624 96.73876339514153 97.64696002333874 97.7934544332159 98.04800367523512 98.42460292056074 99.26939005143443 100.58587727805292 101.06727743969232 101.45570614108945 101.76298454929074 102.55017797235361 103.20902363864644 103.55188861665316 103.90686856502339 104.21989887722164 104.57108192490088 105.13049450122773 105.41765484868338 105.23298585362039 105.04936392393475 104.7779786210495 104.76650884330847 104.91658397120845 105.0100910690648 105.15711116456772 105.09343690717556 104.76066482648292 104.26339446514892 103.72271354319896 103.24270778159675 102.8515868253217 102.48529310015486 102.33688843037557 102.42475116931207 102.37561323060173 101.90433335094309 101.34691618394142 100.83525069858734 100.59012379922942 100.22051316742477 99.53398608610632 98.76566916261119
96.04822632871941 96.50935356926435 98.15602940658825 98.35049508797161 98.64143163534074 99.78086295645339 100.88032029840787 101.63783521905324 102.25211805663125 102.64995897284406 102.92822758475552 103.38129755423672 103.94932458926621 104.08165012489259 104.01573060711073 104.54134304607399 104.82873758034144 105.40842729901729 105.53807998377079 105.67550401587187 105.64079461480034 105.56811940858684 105.43226432103252 105.2657536521667 105.25820159767143 105.32555169636775 105.4847133928628 105.47041687393083 105.1425469230549 104.62982463770348 104.10864743202781 103.62671923419079 103.21217657131436 102.88116327358708 102.56617465156087 102.46838613123661 102.40122863211498 101.87361468321465 101.51139488625427 101.03584405758579 100.78343414645757 100.55910889770689 99.81739746317834 99.01902658173663
