hw/01/idw.asc
NCOLS 250
NROWS 250
XLLCENTER 2.5
YLLCENTER 3.5
CELLSIZE 1
NODATA_VALUE -9999
[rows 171 to 189 of 250, columns 132 to 175 of 250]
144.73749872100166 144.7479656369009 144.7122520759005 144.59090638228895 144.4488867255787 144.37225297546635 144.31786074256672 144.24291625092135 144.22752795784987 144.0817713183915 144.08512849895476 143.6227375933839 143.25037029553266 142.6829527351086 142.05516158715824 141.32776481396368 140.68524866680613 140.30136417596214 140.18534535450007 140.1905567924919 140.02015835675755 139.91276836762944 139.84113521333828 139.37029146655132 137.70712278140405 137.2434166830042 136.75988121164073 136.24721134234494 135.3351234249906 134.2598865796236 133.72057837574084 131.6101956842766 131.3186712767176 129.94094169789028 129.5499872232291 129.67309415302623 129.76231417694848 129.80612025031618 129.79279164425148 129.69413624050603 129.47545016807987 128.48005005534807 127.86872789050261 126.71931071223577
144.5618350467939 144.5692044523342 144.43079527834684 144.12598791182478 143.91205609053912 143.84853029705812 143.87738164943826 143.86510022404102 143.78918436701562 143.7725184950164 143.6008652539033 143.35663997686837 143.00762509352464 142.4054976798055 141.7716913773641 141.0663525763471 140.38648428377903 140.0607082993939 140.03037517357566 140.05971045415814 140.02194578030142 139.93164808755378 139.56975784338263 138.83835910217317 137.80245971695587 137.33248867496033 136.84025379877153 135.92078509567722 135.36736678016698 134.07304609233037 133.49752681226448 132.95523118086393 132.4595067492032 131.26159627355972 130.23326439432273 130.25057301927305 130.09297830831176 130.11332981645492 130.08696402156156 130.02209198396366 129.84700854604105 129.0371840601202 128.62258386203933 128.02474383801876
144.23177225250504 144.2379247615895 144.0797965397201 143.7725463726507 143.59269422210303 143.57576444253363 143.53790501671327 143.45172311473053 143.32855752688695 143.1902011595868 143.12372901226144 142.89818198358157 142.49198437172853 142.07092610693962 141.6894816314826 140.90973876492927 140.33024793602624 140.0495120720365 140.02946331708483 140.05929052315554 140.0219412143563 139.72255341563783 139.59803000465374 138.87800124030105 137.8726208856007 137.4180860084681 136.53544960149466 136.00305167577437 134.77952771198446 134.16521506539195 133.56259964935563 132.9903821479954 132.46759541306892 131.68570962462474 130.73277047403155 130.68290764274366 130.61151508279193 130.38274688348187 130.18339959235664 130.1504999750067 130.09837650714513 129.46079167376834 128.94802988875895 128.4482183293171
143.63246457751808 143.87438006802304 143.73648905567347 143.5328995348307 143.5262636454854 143.50665895806281 143.3341154693416 143.1182855818729 142.96043542123215 142.83855717051404 142.80209839528945 142.523179148372 142.24502289020876 141.88056786842577 141.35835062004634 140.90123666652576 140.4061484116794 140.15798733435915 140.1298027308885 140.09562571063677 140.02127102150342 139.79232041680612 139.59188464015213 138.8849453995681 137.9306572644742 137.57951646153606 136.64044498089604 136.07956720730527 134.93520455103595 134.30489406935513 133.67559403057172 133.07234474586937 132.52126830555193 131.75487676533652 131.46509607620064 130.87283778203465 130.87808208856364 130.78185005126014 130.32803810127234 130.2192028091808 130.1779458676365 129.7095546278446 129.06623638135665 128.692276109705
142.91251195168084 143.01160388729664 143.14987905402208 143.1658942253182 143.2772308021562 143.1642040738199 142.87981960364604 142.64413306456225 142.54639694944112 142.49614757634842 142.5127137389562 142.29137231286848 142.07251433156532 141.78580441944735 141.35056292990555 140.72052544845627 140.34228444254597 140.30336616244438 140.23314076417938 140.23801321474386 139.95704442125245 139.9144594564163 139.74732716601451 139.02797770970437 138.08542627148051 137.69279713413272 136.803439188926 136.27072907392332 135.1472098821759 134.5026426250726 133.84588837929414 133.20920131482498 132.62664267551438 131.8609714850267 131.56090736161332 131.2355936331266 131.16480428896466 131.39294138745916 131.27240530890901 130.6768787633695 130.27016872496765 129.60480398349839 128.99647368120335 128.78456107169322
142.09788125503192 142.34634589048918 142.51556095749112 142.71130567330948 142.65472473154 142.5119489865754 142.18501185879322 142.07049782718525 142.1242187134992 142.1698827846946 142.0860759203154 142.06184692747456 141.89431311871462 141.56813692761412 141.31499363455376 140.74222936135064 140.38215723379207 140.10647064358727 140.1698013834576 139.95440593559638 139.918285867957 139.86506235478484 139.68467283413696 139.0081984596318 138.17418384070436 137.44523470470455 137.0192094283493 136.52019993319917 135.42576726548774 134.76731159536848 134.08122346027488 133.40758790335093 132.7889503095348 132.00738231455404 131.66791903353933 131.47538896393544 131.35718995048106 131.4855927596158 131.41967347773706 130.90992455026867 130.31880464727206 129.4305817898975 128.77769403680364 128.71671757770946
141.15550006206976 141.78623343277343 141.98624928405988 142.08510785435863 142.02628138097703 141.93649255527296 141.7255964376754 141.72594352216115 141.84338933621504 141.87519435402808 141.840189648921 141.82774089462708 141.5942753438555 141.41583024874146 141.01720631002988 140.46528872456676 140.349738004103 139.8377739496234 139.94420431574557 139.89119359145988 139.65698472448543 139.80412410842808 139.62066518675687 139.01782359492626 138.3103411348932 137.6683142147523 137.29311597691188 136.83085045880946 135.77617762059134 135.10350340037104 134.38557891701817 133.6708424978084 132.68680565724094 132.15833447095926 131.81446637929238 131.58999361862453 131.4775922575303 131.3837980752809 131.3297916030508 131.03895561629122 130.525846564418 129.66284111828583 128.83739741239026 128.74161021363088
140.5438892673857 140.8784811081997 141.45174403965186 141.59451742680736 141.63338381051955 141.65099242036212 141.6757993984076 141.66866950581343 141.71443645162745 141.6677812168431 141.59295073297096 141.57095483071092 141.35875214161697 141.00844465768407 140.45451280574184 140.34494432452624 139.76925048127094 139.73268412313018 139.7010764120498 139.6103457748725 139.57974779032696 139.5441026610402 139.56771057448194 139.06381368484986 138.9422577631579 137.94409042591633 137.6176888963348 137.1946493243725 136.1947221304059 135.50805134876347 134.75616045301035 133.85353518436116 132.89101610630956 132.37938705865483 131.99524312674157 131.7372702750706 131.59102399386325 131.4369060619073 131.4790419818467 131.53138937054618 131.26156833018462 130.49186233606412 129.46687189091253 129.16576811067964
139.71681454996272 140.02195358768478 140.55829033340265 140.58647460187146 140.96945436851223 141.21907629064827 141.36268847090355 141.42193818238823 141.27816000132344 141.1955823990117 141.02721440470597 141.07191743686923 140.65681563827815 140.1290178842868 140.02975621322307 139.66877541001378 139.6373559561608 139.6182102279406 139.60286532178318 139.39549922205342 139.52692736220754 139.50731208917236 139.53729390512095 139.14250670103928 139.03686403334783 138.2494468175372 137.9696118020874 137.5898585590199 136.66442467532045 135.96592335097495 134.97356462519062 134.19557942551893 133.20321866353416 132.63294877206977 132.20219552635186 131.90827099159685 131.7401555443509 131.57994047549127 131.7384884746032 131.97990952088404 131.9289362263975 131.2712529756504 130.32757055163648 129.83113098908285
138.72745665846682 138.94079688680293 139.1868733874882 139.45291190674035 139.74084042147442 140.51318049414013 140.65184220060146 140.78024506898498 140.63186295561636 140.61545967762615 140.27052603543078 139.8951386778005 139.7572089386011 139.1475251164613 139.5049129429808 139.49018803985567 139.49330104288276 139.50414890584145 139.51629456255762 139.35677559986073 139.50597340998672 139.5065797614689 139.42189533877425 139.4744414127543 139.13337358852837 138.54489759636908 138.31117297146756 137.98172386791987 137.15224710591343 136.21160978323027 135.391685441279 134.30044022686963 133.53683576907116 132.9052765137114 132.42263505272675 132.02173221466484 131.83635041843505 131.7514415447277 131.78676758694664 132.0080949311491 131.9871812978922 131.5006886324628 130.90572676386566 130.2211741517784
138.11904275368437 138.2808955675523 138.4740639194428 138.67250647314816 138.86770670198973 139.05162482120508 139.5222317885759 139.40858302654752 139.5455229946226 139.42158358424254 139.4814352584258 139.37923815588528 138.8276003089946 138.80237770689277 138.8238636799383 139.2935266529919 139.3438393014127 139.39596691854067 139.2517422694239 139.34695958303433 139.51626344837155 139.54506110905777 139.5038241845791 139.444538702975 139.2164225041309 138.9249868482482 138.59715246585088 138.3277146439877 137.89768741941884 136.6588382188582 135.60297424804995 134.69278437868988 133.68400066540744 133.0299964706964 132.52923628116108 132.17269481425376 131.89292112570908 131.79667079546863 131.7045151059165 131.7941405557043 131.743363526672 131.3935084706593 131.01656593887006 130.70566491260797
136.82430314491472 137.19005617815554 137.36738158670354 137.5372289995768 137.6763710621526 137.78656277900282 138.04488233696912 138.10682066201423 138.33414167666936 138.4764934561393 138.43446905712716 138.3597722695008 138.3727245236025 138.4290423728542 138.52223711646513 138.64339984803476 138.7840730822475 139.06498827034542 139.21414642290202 139.351765360731 139.47419689791653 139.5813217150614 139.63126520739036 139.56623777818663 139.27528039718328 138.9697321159429 138.86495403934157 138.5858096548474 138.01342453844367 137.03107643048702 135.9846431547748 134.78306583123037 133.9381091047588 133.24234107224868 132.70380212584877 132.14505488275077 131.90994189459042 131.77500398298366 131.55890564478673 131.5626726669689 131.49590888425956 131.18911666255823 130.96352984761984 130.52217154677214
136.2054863722755 136.38722373976628 136.59220350840982 136.77466796846622 136.9003881817968 136.8564997755597 136.90593713025942 137.07733477956089 137.14571553242598 137.2043662540047 137.17921369120154 137.5274440831276 137.58860306548812 138.0438499085657 138.21029905698157 138.3985778170832 138.6014524634141 138.59365605630802 139.17298754859246 139.34889482389315 139.5070012073732 139.65411979901978 139.75544144924856 139.7267761886745 139.34549479674797 138.9187973937862 138.88327955521507 138.6538469708049 138.20930655181712 136.95582729790738 135.96346325941644 134.990485099552 133.92760108961005 133.23633649246352 132.70286382880244 132.21152828940893 131.94766363228604 131.7737802870846 131.4515199861382 131.40585832171155 131.33294430406855 131.0244609660085 130.78104856733103 130.44748437494826
135.60699090666108 135.8663864631783 136.00205469826244 136.27159548053822 136.49238860982064 136.62008199715774 136.64342121551118 136.51525073474446 136.46830266687383 136.46205838637636 136.492023233339 136.64143271630465 136.89770731041295 137.01482929182276 137.17571803444244 137.7426346155347 138.1527520179616 138.46533179899504 138.7802016269504 139.3161143129788 139.49200880083785 139.6503912799183 139.75484065602615 139.72631313201433 139.3267516196198 138.948631007371 138.88507029813854 138.7418784067507 138.0347769249359 137.2677328620303 136.03627624541406 134.8308360754263 133.98566400933265 133.29300723409054 132.62328318188986 132.23159215867852 131.94875865222804 131.74931042375016 131.35983148552384 131.29107324836997 131.2183992403114 130.87593848047973 130.69943890437975 130.39765860972952
134.86667378998575 135.06899337163077 135.44533798723174 135.88157092280306 136.28055703276624 136.6287775977741 136.63463741020087 136.36862211260052 136.1996884103724 136.07766564838468 136.1842727411268 136.23864138431622 136.36553768365798 136.67164106012953 136.8522716362124 136.8056089962352 137.12135505756757 137.8881774305316 138.65071246976137 139.24393520426085 139.36280702272185 139.56228739942563 139.6228318988187 139.55988072791894 139.31436061610378 139.09755045045046 138.87765964862578 138.49618944292118 138.0485949876496 136.87882108075328 135.9815694104973 134.75499319028702 133.94125573993517 133.10998023469173 132.5903340510416 132.19565290061746 131.9030289227865 131.68922789063194 131.27356115117482 131.1620907761571 131.09646383195988 130.80808713125282 130.65515080387 130.3758273276892
134.06350951517382 134.41141906392525 134.86994212229422 135.36263819725568 136.04504192280677 136.58542447637257 136.59095841717493 136.15449062404997 135.93601233660746 135.9024434996883 135.94882838863955 136.04352793775908 136.11227038949377 136.14963698052247 136.2934081834981 136.5214217624438 136.83426120593296 137.2228247921226 137.66548529950595 138.675680739363 139.23324495200677 139.43507141051828 139.4707054455813 139.4197504147232 139.2895285345567 139.19493947368423 138.80988064803157 138.21859701301634 137.5007427584621 136.79939014804748 135.99339306900458 134.56496030041194 133.80117952049127 132.99491058099716 132.49255793949044 132.10406558395542 131.81039286836224 131.59220465209233 131.152267982507 131.08920368352477 131.03910574746516 130.72936717345212 130.64330122636264 130.3829132242981
133.65133066255567 133.88788264315846 134.30773733420406 134.85280767167595 135.4630167153603 135.92567708972985 135.9726106155718 135.74629083031672 135.77412621902158 135.99647308771029 136.0052582887318 135.87362923518324 135.7136354665666 135.62890696916458 136.0245059125684 136.22612355855594 136.5206848111423 136.89299624120085 137.3170346461257 137.58692241702312 138.36521037981169 139.30412047092963 139.31834212080207 139.29787189556356 139.23181549942595 139.2511422580645 138.57275549298174 137.77868403626178 137.0395549428793 136.36750856371577 135.6085343158242 134.83107206564424 133.583478403369 132.81694338982797 132.340679184812 131.96701022188526 131.68166838847412 131.4237227308062 131.08064661528377 131.04322873619978 131.02053029577388 130.7905705188172 130.70267398634383 130.41650901145843
132.91114620943847 133.27833479863307 133.6068804597537 134.19461367295696 134.64610393805174 134.99305091087456 135.1376055261802 135.22050638931515 135.50062965265926 135.9378773975653 135.95489351920804 135.5868434579304 135.3716501255618 135.38809019810697 135.38293443451818 135.73335443318774 135.99370628263014 136.3488512002908 136.50003966813813 136.9960474313391 137.45745978065824 138.61622553591496 139.19460909466284 139.20156283693777 139.1750875535513 138.8269741548931 137.89085739071527 137.15858778168234 136.39476411749962 135.75945287835629 134.8492677159039 134.16430563419237 133.3315574314822 132.34499831329123 132.0424259552066 131.6565384667686 131.42546901793236 131.00128213957902 130.97957398811582 130.98700473595594 130.95431324786082 130.92633705194308 130.7914175095879 130.48270941766987
132.41864075754017 132.49488981120544 132.70758222785454 133.01737617634421 133.50564294455955 133.7939223334774 134.15122201583577 134.41054366526356 134.79162569030953 135.30412542586546 135.38580143521327 135.1116091332038 134.98807257660667 134.81133962360178 135.0426424604285 135.3826235298217 135.62374685340964 135.62746887093684 136.0544784155247 136.51000526641326 136.94501722645603 138.2798632474713 138.45808355136546 138.52997166387325 137.998209047388 137.51740127445373 136.50932756552064 136.10479650448616 135.40295812256352 134.83173798155116 133.77075505516373 133.13404662060412 132.64651642220107 132.21312258968655 131.85410417143837 131.46045705401247 131.22332149673252 130.9281000874384 130.92602730003014 131.0072749144117 131.0823983105961 131.07322379601183 130.8685014953406 130.5039212773626
