hw/01/idw.asc
NCOLS 250
NROWS 250
XLLCENTER 2.5
YLLCENTER 3.5
CELLSIZE 1
NODATA_VALUE -9999
[rows 133 to 151 of 250, columns 176 to 219 of 250]
104.08535676596449 103.63277002836469 102.97514209456062 102.20905366078559 100.2190499223753 98.91519272132402 97.37186126316344 95.47868601285323 93.56668187307159 91.67541079708552 89.74251567557056 88.76996398469755 87.52334783878266 87.21618971645283 86.59938098230772 85.94382868487634 85.30799615075954 84.43226387892611 83.35178388460957 82.38903051628583 81.57486962796642 80.35111588494763 79.85482672544376 79.16820264380435 78.11661140012811 76.60808054865043 75.04548740020853 73.46893585234052 72.28143828953593 71.63079301886633 71.50794094616218 71.47196121490798 71.165311580433 70.23780717265663 69.11234734674501 67.8911266776983 66.8587922433109 65.97148889862214 65.50755061196085 65.46875396848311 65.08580235105363 64.23727933278758 62.594881968595814 61.34527804017315
103.82946902179444 103.75040245809683 103.51826702006298 102.62828876526643 100.76506128957718 99.18940986786608 97.98486298653262 96.12828931205048 94.87183917175318 91.85362603517393 90.73778018071877 89.62389450364637 88.28158804975335 87.56248951328169 87.05557168254556 86.8447961838313 86.42621910375358 85.23748880243586 83.86114034175714 82.54169700626514 81.51176963972767 80.75661251541672 80.34300781164158 79.82207167136717 78.76986078877962 77.3864293174084 75.91952331933848 74.46850122738945 73.24221596106814 72.34180672760658 72.16281022166466 71.81131973421151 71.63349351277301 70.85275509199053 69.99132262486415 69.0033086764143 67.59161432968952 66.21356733583428 65.90609086049432 65.91261068857312 65.83974147922471 65.04850852505093 63.730523727849715 61.991777956352706
103.84666901514251 103.74727014454217 103.49377179483103 102.969766581706 101.31188379669065 99.42152021070794 98.43335000826568 96.8182889890533 95.41187590382503 93.60309607319672 91.7528529089731 90.10197713876117 88.63968472500065 87.9040130299459 87.34771642939033 87.3634768343158 87.26217803913416 86.13361413321043 84.30148844264284 82.64280667680842 81.35561137162445 80.63975195494238 80.52389566731662 80.16447222164516 79.50117408033498 78.20782099682825 76.88950275537479 75.35375000972948 74.08924857877497 73.19433894302827 72.89188142724855 72.70290014812974 72.26234981902334 71.78315823872505 70.74901639774902 69.66261738561064 68.51369685442802 66.7167187928638 66.00047150304773 65.93720498014207 65.89186328151405 65.19459819864811 64.06327243167493 62.79417283345509
104.21180787194129 103.93844916555891 103.83792586899678 102.96457971984343 101.18263133062834 100.15029899221801 99.08441302852438 97.78801744010947 96.56058858100099 94.78077470282778 93.25659567251232 90.95622946986005 89.35409659860784 88.09472671719149 87.5661554076394 87.39397420264436 87.29179562241089 86.24257778185678 84.60432082760676 82.91981493469184 81.5180347398602 80.70712058473521 80.54131193567459 80.23726355750989 79.86300345530317 79.10718162947217 77.9064114429515 76.32227248963468 74.97722490722647 74.03110139898828 73.20500579262347 72.85184520288446 72.75440977209819 72.37414056902364 71.42925773023633 70.1458366209181 68.9586285902774 67.4111589091841 66.3756584586641 65.83383724569265 65.58175853607997 64.9440742973101 64.06073549916339 62.85260900821576
104.74163199599313 104.13171537660183 103.83977392257505 103.03500835631837 101.64125030384231 100.38256198651567 99.96083682295391 98.97266917525633 97.7396835564381 95.85261442313136 94.08843824306348 91.9899275010091 90.46838444578304 88.91765451946526 88.13410447378618 87.49310200336824 86.83916025596147 85.9357137851906 84.67941232501965 83.28098598832794 82.03138333906246 81.19882429980098 80.62838588226933 80.11536734301885 80.01507989297001 79.61209046092812 78.68344978580093 77.34756069364805 75.767002027786 74.5348786386091 73.54652446823155 72.90136778371772 72.83179213476159 72.52297326873101 71.69286293539969 70.71727496826489 69.61943085969514 68.01749646506109 67.17438546010132 66.05198816075448 65.5378592067087 64.89324141997432 64.22237670616522 63.07543162372255
105.307468286583 104.33827512151875 103.8094598731346 102.76528739471587 101.6586422711965 100.82076515095947 100.24902149154413 99.88799506760802 99.03370252969664 96.83972405576667 94.86992540258659 92.69621811282775 90.95313761425743 89.76768372529327 88.71681903604825 87.92298859707317 87.04634897329429 85.95597423690076 85.02489721666981 83.90412451133135 82.77911667992473 81.81193574810958 80.83007512248292 80.17449544286792 80.07010693228504 79.86318122195932 79.12959467141228 78.07234655981101 77.04389248202911 75.49739198111133 74.38877212641947 73.41559696509606 73.24341657734627 73.02332276200819 72.42724616125298 71.45689849811484 70.03756352834478 68.76517173567356 67.65275076364969 66.68300097951499 65.7380701533964 65.31208180209245 64.46171876785549 63.07881953481381
105.81547311936376 104.55224480196249 103.82506702449062 102.59165248129246 101.44951379152215 100.82109019026949 100.70396887084875 100.5957442993764 99.7611453128136 97.92598550664721 95.77952105547374 93.92500226277105 91.92743478159257 90.40305870798507 89.59396145890149 88.73144590400388 87.68555296194384 86.73770936002772 85.97482543579595 84.72508081293944 83.69438927440466 82.65522601661668 81.51010031408866 80.84733083571918 80.47112334689449 80.43449622440463 79.81476754350956 79.01860639282175 77.98536206178605 76.76686730341108 75.74018065143707 74.55766838245786 74.24077138657493 74.12941501787009 73.23948382995621 72.80802689330548 71.74212506251507 70.00364669720274 68.8606035288568 66.99311676259858 65.76827570691536 65.32847544118741 64.5602540741199 63.401795098257
107.41526059973243 106.06155972851839 103.60970760223441 102.72139101839196 101.69394449167741 100.81894619652377 100.70481545381881 100.67157274225403 99.93284319387132 97.90436553638689 96.02247835272225 94.29335672190152 92.61092300496469 91.5212650210331 90.72126413390477 89.89097496303047 89.16660132751723 87.83561679044074 87.14208680988133 86.25742532525523 84.95352452324589 83.90942272979919 82.7005998761952 81.96731195350648 81.68331768067925 81.2207448209065 80.74826476563157 80.13015222180925 79.29683663437444 78.34177296361344 76.81777797565323 76.11091212729622 75.32552253738231 75.06292176949191 73.91928090111921 73.52001310669715 72.18771294253845 71.54873839705844 70.40239781794686 69.35357526570593 65.81623896676884 65.03703798776901 64.59816777250741 63.015246311333634
108.14056427992588 107.16973699833866 104.40795592949968 102.70656513045863 101.90847190842881 100.71035033274562 100.6004525762115 100.46114877507031 99.50106030962499 97.83346220745601 96.27647328410586 94.46612923930873 92.92335658038799 91.92631792711508 91.19715918272092 90.50831695062034 90.1964897628288 89.36248542116803 88.27144633172357 87.44347191761452 86.5547857241412 85.25820220470665 84.10235340222724 83.33830835554838 82.84657307793664 82.66377760877141 81.78038431353569 81.21506997641517 80.46240818798616 79.60593255012648 78.5582464918868 77.42458892794073 76.50949328619976 76.1413848815004 75.8394654574583 74.37753423356055 73.64421379180364 72.46343943870886 71.8805220227823 70.23473868012192 69.43251088238472 66.5792662481056 64.1819888807831 63.496297893751134
108.78605505207966 107.84700126906145 104.90340098180995 103.61016825287092 102.73918722868983 100.76499536833283 100.51877259973601 100.24239689281578 99.21756565844521 97.86165916242045 96.13749609497238 94.53964537744666 93.36713592572858 92.38427566986743 91.42815370365624 91.00083515947318 90.78666537443797 90.5464950114604 89.48678553973659 88.50934236780826 87.73237399504337 86.58707489594967 85.31936913630506 84.5161901619369 83.95652056824176 83.64962555490519 83.37758742538063 82.65518208578469 81.62303042618038 80.8056047411203 79.83702750803945 78.68883437101773 77.72158488302017 77.29774635162916 76.9445187575817 76.07496399437292 74.67992654260917 74.21071904609526 72.50561288096303 71.95516811699437 70.1987945901083 68.68581957431886 67.9166819255847 63.88017285657137
109.50434766594626 108.57041570332021 107.06550192875204 104.46134800285367 103.63175468078046 101.81337494227358 100.92274050149466 100.41118663848813 99.90956006758631 98.6198133086217 96.12978597149959 94.69076257070306 93.61248433633274 92.41724284488673 91.69541429145544 91.28032468921008 91.0176668149125 90.93605123856253 90.29893440040097 89.3147127672018 88.7288559595296 87.96967482764194 86.52918435864039 85.23360161109241 84.54488537394354 84.2683936167856 84.10794665167843 83.77982040620446 82.93301720616991 81.71651161672686 80.97306111135326 79.86523460209774 78.92238011640094 78.49247571939603 78.12123321681557 77.06486287313305 76.71585038653816 76.36048175543543 74.56705821076476 74.26274042087327 71.15890319750905 69.40602388376763 68.75223773265613 68.36919001228851
111.2264560819047 109.93967624517317 107.24577599532536 106.31684070440693 103.93693839888576 102.23931974175575 101.7284829957236 100.72050181915175 100.1869719993679 99.4828286561704 96.91961868766889 95.52555757757676 94.6017405110278 93.0143452043187 92.21184299076937 91.53800900537978 91.09612260158018 90.99609133315981 90.37470056625855 89.36047772950566 89.18788347218022 88.49525163765436 87.34435328629164 85.85031021118715 84.88157894470336 84.45509718450128 84.37787198344824 84.21303803873718 83.51304693209212 82.94060605548611 82.41717844915172 81.96952813561663 80.10201167801316 79.71270877449452 79.2944567699349 78.38247809056153 78.01121927742417 78.0445043163381 77.46366159313283 75.58680622174371 75.34196267247839 70.86401237952987 70.04376596836774 69.26540952997973
112.3207284023219 111.05360427154173 108.38021818879595 106.9232124012716 104.54082675722994 102.8557519916516 102.3271014061038 101.25997513789251 100.7360040976331 100.04471165340621 98.0667674865031 96.30371660958478 95.0128725635909 93.9845282543579 92.84281049618436 92.25752376539174 91.80894406849187 91.44701207936389 90.5983662346378 89.4648940997335 89.28845554231367 88.97431247736397 87.69056517027177 86.16409719334698 85.06358992605377 84.50124835166538 84.45923472631189 84.40010140257486 84.2191737069668 83.56843129215547 83.23804088029986 83.40062492412153 82.48834403069547 82.3113544321 82.18839282973022 81.56974074224803 81.91066568893632 81.7389643937873 82.31879819025968 80.44693826664073 78.37643529734375 76.84451129431442 72.34366185394471 71.44986533835856
112.89328882579925 112.29345216737121 109.55516254626909 108.53790922842322 105.8072441024496 103.48517411456132 102.98184678078076 102.5102266588441 101.52001180732823 100.8981913018066 100.0156114108329 97.46941751146237 95.8358355582486 94.74007673224325 93.92739744717962 93.52112028241676 93.31591325027689 92.92541592274763 91.73106600437148 90.48801079075996 89.84065019117446 89.38574724861763 88.400556984206 86.77830464396412 85.72958010981203 84.96573961792606 84.82001129820863 84.86816594856273 85.1836223043466 84.93047979151117 84.43787501830938 84.39317662027662 83.69827498130941 84.26945804760756 84.11118302607915 83.60219887136641 83.54145490726894 84.094967302518 83.73335873487632 83.36772945554826 81.28118797612699 80.18365965738867 79.00511950535004 78.34710171152062
113.60678348621803 112.72857099194678 110.01820950039088 108.77883853198993 107.29232110826753 104.61547561640646 103.6293413376232 103.25551890075178 102.8230349522886 101.87655772285581 100.99950677432949 99.02737136607844 96.82813963444502 95.55823320782483 94.65502125363126 94.33504510300655 94.58541484865526 94.44737277611755 93.1347786811713 91.71460442002093 90.7279665757589 89.86134566001351 89.11484830978215 87.88954380975837 86.7117098198738 86.13303759926443 85.66200842368502 85.94183506385505 86.1907023530277 86.47236539660011 86.29074746524068 86.51080783449255 85.57961979167781 85.54791408501572 86.0627296686635 85.68830146144079 85.73158499820396 85.38196228380252 85.00381846154447 85.23561873108073 84.99685312870061 82.63605457797819 82.01343066203579 80.3843787952264
113.96961434270617 113.06464864396129 110.93852994872107 109.11827121619608 107.77880169104105 105.5377416796205 104.59269164100326 104.22562149810113 103.67781059667011 103.03552181730214 102.21860659473276 100.29525376344576 98.68437404904537 96.75181799852778 95.29459245606036 94.71709041766401 94.70946238742175 94.63119995351593 93.6835115120046 92.40381279018352 91.46675730103968 90.74330883967872 89.68513378732786 88.53764078862639 87.48500137794356 87.23535543131207 87.07040701223504 87.15916247290171 87.41198765837468 88.07583331125991 88.61200012680216 88.41068796099091 88.41665495372622 87.75813995289873 87.68963469481662 87.80842588510922 87.59691882865269 86.50213511671978 86.54679486833933 86.27350613452738 86.02540898432055 83.81064085537525 84.30464394175172 83.52303727745293
114.38016205407386 113.49190514374551 111.83607162175043 109.68192748157597 108.32931120514642 107.07127257550749 104.96156990247795 104.63203842143989 104.5023640373336 104.04910008008203 103.34256598662769 101.85843938431925 99.83320090127576 98.09411560888427 96.30850789424535 95.15834009227109 94.74583795227102 94.45180483146494 93.74064217047675 92.81512896300403 92.04372103508706 91.35633315739825 90.71104800091726 89.6913508860289 88.4372359720353 88.09187948196409 88.2877206009529 88.35836988561057 88.5614551359485 89.02673684517082 89.24601132010378 89.07891139192984 89.09944526628887 89.1921452855902 89.52861385809346 89.57125791598236 88.61841554281833 88.44295457493986 88.25734252227889 88.07306962032298 88.60776023992752 86.02450446418277 85.3449549793415 84.61670828458035
114.88557843236823 113.97747735607456 112.28923527987428 110.09820023888484 108.67402146933274 107.24457184134572 105.67508362421198 104.97169446849912 104.7351634618501 104.6615423391945 104.20746681688821 103.0392296418388 100.89369972664768 99.16347997649741 97.62205566701198 96.45696011416997 95.4573582296267 94.9367915817849 94.10893903585227 93.45108357315753 93.03217837503712 92.47699234698524 91.9213838155089 91.51890022371157 90.1912557053852 89.71212060671965 89.83824907294026 89.34466012897418 89.43892135453034 89.56838440535316 89.68153002338343 89.74466837283599 89.71859531782978 89.80027116485232 89.88652186611314 90.00681437946278 90.08494665135888 90.16144097312912 90.23291315133727 91.52292621822629 92.3232121725067 91.58989403935233 88.44470199419774 87.82029355323823
115.08460169312387 114.1290943139623 112.45872396872183 110.71306816129896 108.94436955468652 107.41512840622826 106.0019469590196 105.35823470396853 104.8333413502908 104.7894465185179 104.54500420402123 103.64957980918422 102.01335348076461 100.4330553501752 98.94613273316487 97.75083578254029 97.10744617317101 95.96474112254907 95.43256028539139 95.02891390192389 94.13610939029493 93.64775382328284 93.12092433093937 92.94621917581216 91.65010743706051 91.34591777482696 91.10825203867299 90.91818918718697 90.30112301686025 90.42429849987045 90.04435639332641 90.03309727191626 90.03679662296572 90.12104606895714 90.35204681256138 90.56974924332481 91.37160571027988 91.23911570873395 91.48547243298933 91.69144085200885 92.41347830013683 92.55573802602831 92.65202460473661 88.44813071145536
