hw/01/idw.asc
NCOLS 250
NROWS 250
XLLCENTER 2.5
YLLCENTER 3.5
CELLSIZE 1
NODATA_VALUE -9999
[rows 19 to 37 of 250, columns 132 to 175 of 250]
90.068424157471 89.39012449880663 89.15043001377714 88.61682593860812 88.40151018423174 88.2826477545308 87.41525684833161 86.17866346939071 85.30422476616852 84.66347892401207 84.43897144800263 84.22185333904197 83.94899582775118 83.41783648936543 82.8670189652814 81.5492987579503 80.31196181607972 78.89764143633559 78.019394782041 77.97953614694657 78.41391651006138 78.25822065656565 76.43858474226803 75.35043505617978 73.97257976470588 72.45864 69.5338000552452 68.59660925351213 67.93990052086059 66.56460175307426 66.47902829872608 66.31315999148212 66.04424767818576 65.70472500720305 64.37303566544708 63.53247935503993 62.99040859239799 61.6010911743032 60.83865372324507 60.017819561372335 58.13868013650976 57.581613984009046 56.112216154454 55.722120720523186
90.139687524779 89.78797829199475 89.83950828072769 89.27364792533885 88.53682563703923 88.36467849456992 87.65936924396759 86.49237031170344 85.503993019609 84.75011170268583 84.51136973378163 84.48112138360015 84.36617822274897 83.96339674633087 83.43838030665962 82.36532002552475 80.66665756673886 78.97641579351074 78.03178946694177 77.98730740828414 78.43596740947586 78.2967007142857 76.54387428571428 75.55415257731958 74.30358451612904 72.24698689101645 71.10296004588552 68.96416350715846 68.31359539392824 66.66982866482154 66.58208510792579 66.44851279551995 66.26397676484747 65.44133006316171 65.1327376511013 63.64131988969428 63.110556148599954 62.53398101834507 61.91200061928437 60.26208764148954 58.58172473402699 58.16723378011472 57.8406800889129 55.06366424071532
90.23099426836669 90.17838264653012 90.6575419899789 90.49583064266743 89.14597326631991 88.37753783008363 87.62802713593986 86.7237252227103 85.74482141797019 84.87096956834479 84.5376190399452 84.50490960472689 84.45646548343099 84.1542424707284 83.72654213777585 82.78480785483785 81.14200187742736 79.76433056299233 78.83856234799529 78.65612295153902 78.90075260487168 78.6932620706274 79.00012717131476 75.60689394495412 73.5500813662762 72.36761498432737 71.33309800354618 69.28077281295286 68.67748873933174 66.93003116882028 66.87363206811696 66.78416847599412 65.90618979935199 65.63791520527136 65.32117964496919 63.803408366783806 63.26217141346461 62.700156607573156 62.13833348254189 60.81031471299504 58.995533887541505 58.699312400468386 58.43710310081861 57.25033060824742
90.2524506951205 90.23383920951862 90.70126332858177 90.59728368355675 89.44807692550164 88.54697329059088 87.89369129261497 87.21621236862222 86.27095000335532 85.25524544897885 84.77695593518908 84.6184373239056 84.5221020556574 84.31698972083657 84.01020624272596 83.18152957667736 82.16195859192793 80.76000489306712 79.98863742690834 79.69194987013739 79.7306366673405 79.31085042303897 79.57031040100422 76.69965780019359 74.797282807791 72.33550336283186 71.40835389645777 70.66767892585098 68.98592284316008 67.32364615343394 67.32360213432837 67.28680682554494 66.24774982031607 65.94762842091114 65.55622326762128 65.0965938358263 63.425941126093484 62.825016703645055 62.271254096339426 61.14599221918211 59.37883661058212 59.1734293625486 58.18694091397849 57.9833437070707
90.93926973020092 89.96139680768532 90.15682984602122 89.90662477964298 89.32552778246365 88.6595109986428 88.5601295007377 88.19831060525726 87.15810278026396 86.01628092056605 85.13449488895124 84.73906006084208 84.52296057612557 84.4419500865143 84.10987138589729 83.45113308362787 82.65820105712636 81.50796751330766 80.88825945938949 80.55133123051358 80.46839497468055 79.85457626386118 79.99767367428873 77.85509142365784 75.9142664585121 74.02477195048131 73.109914230313 70.6794313398277 68.59560552631578 68.66472829411765 67.86326342342998 66.96935965301759 66.76533737850042 66.39719868003188 65.87100876223418 65.22428827271536 64.5184611204802 63.831366415167075 61.736833249301974 61.30352779347691 60.731124546172246 59.07451403092783 58.87700932323233 58.64561376190476
91.59889678512575 90.38951071733794 89.85489231045173 89.33551219320364 89.07984905955618 89.07786283431452 89.40350588415026 89.28715332760295 88.13759992004707 86.7861313046876 85.61581384836641 84.85002474138827 84.52551649323725 84.44703441331352 84.12834430827125 83.5883524835472 82.94292463987917 82.0212587757273 81.50182491129281 81.17843800395507 80.37508528871977 80.36885187942057 80.41376926224133 78.0621712222677 77.50089237673897 76.72956695841958 74.40907784469378 72.30190431666325 68.8330909223301 68.92180370967742 68.995295 68.06715721295008 67.43814418592744 66.98961877993356 66.10449287555281 65.27294626902851 63.87440820840165 63.08352152984532 62.424229136325835 61.99539575452602 60.93965458991509 59.868454587910094 59.41864037614679 59.17910715652174
92.57959629616678 90.8937397720833 89.5463051955995 89.3365654298712 89.14354981655237 89.1118992075509 89.4405294189164 89.38840287706226 88.53317204478692 87.19662669535415 86.20563949782733 85.31464215112622 84.65101698052055 84.28629790815626 84.00215886928223 83.66288415254982 83.12773686572736 82.19954697487258 81.79459647741496 81.52549947522412 80.8296954363924 80.77736357463247 79.48877772521638 78.36866117835163 77.69937231242336 76.79014018825794 75.64381292871154 73.75370470469912 69.00850213043478 69.10378214285714 68.52196135673633 68.5865788927189 68.2104735985059 67.70037086279 66.38264317167115 65.1359523921588 63.86495605797002 62.75555009518096 61.93316244278908 61.45912204166346 61.3100080840128 61.38790273655234 60.55274312886598 60.610119166666664
93.21634808052829 92.50098609682942 90.93941244681174 89.09130055963762 89.05090191618433 89.08277338629146 89.14809342842103 89.05332284947464 88.55693086598448 87.82409133978285 87.0690658405057 85.93974858160911 85.16728300586153 84.5592715051738 84.26984866135135 83.5045507555885 83.03137316460214 82.1771944613155 81.86228420897818 81.21277779374188 81.11667855730423 81.05725400098835 79.81330346290217 78.76440245896787 77.99665040075496 76.95606409407867 75.638481605056 73.65009667468824 70.99962742990655 69.375 68.76537533633378 68.95416360663819 68.70354691681273 68.03720464548807 66.80856585274655 65.26926299819125 63.730095102943565 62.40142274455043 61.42407717453416 60.90129911482271 60.81914946325802 61.02213264940259 60.834227201097654 61.01482706219752
93.96466265432646 93.17387547126158 91.2873276691352 90.08247209830287 88.99929277701715 89.07845145844867 89.01892333946311 88.8589333580516 88.53505772697737 88.07289449613809 87.62745086406203 86.44106695685863 85.56976913001066 85.20240678459761 84.84334201715714 84.07461095479408 82.82126832474574 82.03392178666033 81.78781111304541 81.33088533868283 81.27036272405982 81.22397952301584 79.79518394902792 79.21355877501998 78.37557666244567 77.2337323231067 75.50875764794438 73.714131554595 72.01988035647513 69.06547619047619 68.9994445046229 69.24274952484194 69.2144719541633 68.48098624580176 67.05134258431505 65.30739659953677 63.62860744257034 62.18109711704203 61.07741123817568 60.49205348169592 60.47016450589804 60.79323948007255 60.804856603077404 61.02329748463565
94.62103712970683 93.79153120445109 92.54383645131193 91.36286637199683 89.21234671046277 89.17860543047357 89.11308370236614 88.98687692803324 88.78994766174709 88.50755895668583 87.79224656511356 86.82819937136503 86.37353698127434 85.93152339092406 85.0243572832379 84.46333855965874 83.08221174313086 82.2320056188981 81.4225827838173 81.36782580650353 81.33778719316781 81.3095423651537 80.2523544914803 79.6589585971727 78.90217041659217 77.5750153246753 75.88561517697394 73.99630345785337 72.1921534901825 69.75294397645948 68.97812300179372 69.23114547709955 69.19849374088862 68.39611547944632 66.88959209754324 65.16800926287617 63.60226666312423 62.252124223790325 61.148743286001455 60.51088222674565 60.48558282336432 60.838958550071034 60.883820547327005 61.10959890526569
95.85130271718641 94.97412217178861 92.94171764204607 91.78047341466332 91.5148884005141 90.18153464870268 89.45209882863851 89.40275087786296 89.31890246769755 89.09707296086542 87.85491008376565 87.3662919649912 86.83915123151837 86.26817115095187 85.61947668422744 84.85692589087645 83.34800977581602 82.25932620402614 81.63225487732747 81.50353611568534 81.35982311323744 81.25879585573391 80.74188896888347 80.1842222811039 79.29931099415205 78.02269798907618 76.36928348694687 74.49184031746032 71.82538186885209 70.61589004979704 68.41463570318021 68.67700342210773 68.52481872598052 67.72311877869971 66.4321189964943 65.07967791804828 63.62867003885746 62.595692592055045 61.704393708008936 61.11131822472945 60.9959240664444 61.21673180344845 61.10774409236178 61.28516198987515
96.35125371288277 95.44952561445274 93.8032660171388 92.50442628191266 92.16601327950184 90.61738175477267 90.69509810414671 90.72039529654091 89.97540891770342 89.75259251159603 88.54110854083005 87.97913726412096 87.3563698634371 86.65888389953554 86.01846849828603 84.66961583593455 83.56637826201315 82.27863879453962 81.59395422169811 81.41661256835937 81.40914522651006 81.36362999999999 80.92285687905508 80.41918180375964 79.60745514092893 78.42701926607772 76.88867139981251 75.12610777615994 71.93617455433699 70.84061305457301 67.83893467588814 67.8604500885572 67.56784972753921 66.86312504144679 65.89693428859243 64.94289106497035 63.93102825997426 63.23803396649376 62.39194102643625 61.946137409697904 61.744976287705114 61.76257324605937 61.44128417764472 61.52437389299712
97.30643677509235 94.98773946553986 94.0931365328544 92.766822943021 92.39283134973178 91.96077330648143 91.19139721660572 91.29769400969137 91.2352388712294 90.99581803599014 89.69959649837573 89.02664553210532 88.27042403452077 87.39966248584918 86.36945942911758 84.94584115498448 83.68008665008377 82.56392597205362 81.68674367765867 81.39799784712557 81.3858988184438 81.36363 81.36363 80.53796677685949 79.80320514285714 78.74246000000001 76.35122865384615 73.59258403295766 71.8727138042977 70.16635181401094 67.81670230893833 67.14495039002541 66.76684320852131 66.14260987025342 65.3848309208806 64.68164515893423 64.12441123113196 63.62707687290507 62.989365787551385 62.65260920067491 62.26380529517442 61.81961652495121 61.774980540983606 61.7700602163958
98.15631518647936 95.68506550256276 94.6123576508023 93.12296711980015 92.33890168556735 92.12735825972162 91.83258123634505 91.96837926033265 91.76944354835359 91.43010229847525 90.26394694515699 89.54716666029383 88.77810122931251 87.9074474564865 86.7252088599824 85.44254687318146 84.06630602518351 82.83073835387347 81.77716471423565 81.41480403973509 81.40548958829903 81.49559493358636 81.36363 80.55245344843676 79.88932337132573 77.85853397578022 75.6070659862572 73.11838718137325 71.89748950719851 70.11481134984744 67.49303971968723 66.74173148669038 66.33649634869793 65.76154462155046 65.10122273060846 64.52695596052425 64.15064896398677 63.714037211998765 62.99535235862915 62.670752866406225 62.58064311839369 62.086347227848094 62.017906590214075 61.97201004443569
98.26400869764959 97.19602220981267 94.6707714291819 93.18637194457398 92.36662736238502 92.15838894135001 91.9958842121553 92.21565144083384 92.18937424300996 91.77528299109731 90.63830023944034 89.9460898386968 89.1921680587295 88.36716562181824 87.37980798231801 86.1394690941546 84.74755688113542 83.3888936134784 82.1829251097928 81.7834452461988 81.56207851837219 81.62364184077413 81.36363 81.36363000000001 79.88512115517865 76.7729032776029 75.37510399181107 72.9341371702116 71.76879662610983 69.99887897657462 67.39156555970342 67.12774354101323 66.28056381913709 65.7201450354689 65.05788794897406 64.49571156278446 64.29511764583354 64.03003075885796 62.391455947013554 62.14869761667419 62.452597195320614 62.19740470418007 62.163064600153774 62.11612492814371
98.23773833627935 97.14979690043292 94.60306449813625 93.14902320596322 92.36606674770269 92.14341709516047 91.97449570515718 92.19705305427995 92.1410442997445 91.59965711767752 91.09533728172639 90.33826746197624 89.59894046264657 88.93974165552764 88.15895497199091 87.03477435468473 85.63778931592118 84.27494567938916 82.87985666293861 82.3684400994105 81.85848044334975 81.8574147103046 81.91810474982546 81.36363 78.54381068342384 76.30444601192023 74.9619165135836 72.6140858526316 71.5185576945447 68.87000062058986 67.50644408589112 67.29283579218765 66.56514100461652 66.01757157978433 65.29652994628876 64.61794847762444 64.32269448993016 64.05223746243728 62.40925517919726 62.164785420073876 62.526463387515804 62.58695926857602 62.25482852690787 61.032126349545116
98.15868257471223 97.09416427709013 94.55637600293268 93.10292405725622 92.53570585378807 92.20712674773382 91.83235529067979 91.86848052631578 91.65255631578945 91.31557274247491 91.22070789473685 90.38437472102805 89.51625477987923 89.10714064067773 88.62873971849538 87.73778603651495 86.50826989292435 85.23202598290213 83.73473091044777 83.10878613077861 82.26913611638275 82.18141447814452 82.17783644135189 81.36363 77.82893341668351 75.70740920847659 74.42018938512936 72.21100325364128 71.19865478323746 67.81410047752594 67.78490959876451 67.68334495782547 67.43553259305568 66.67615157885814 65.92181578314198 65.08077943333461 64.4670680309947 63.95590263174166 63.206052616504806 62.784243289112894 62.90749688445568 63.115680662902676 62.32981038173818 60.82201590528341
98.04472414616488 96.63046150003044 94.51219245749496 93.06438563947805 92.50812116673373 92.14808880416577 91.59450319148935 91.53448866666666 91.36652334993774 91.25719265524626 91.16787595041323 90.20876999999999 89.21190165586084 89.1064455868405 88.87828893026538 88.19864042829407 87.17350119996755 86.05386268985214 84.56707444208189 83.87265207589405 82.74139625650533 82.56110252980132 82.48441149278351 79.42800975344451 77.02563108123492 75.78996237058466 74.45541081353609 71.78729702913303 69.8800568049381 68.0619701374304 68.13920777506442 68.18523199088602 68.1225369921224 67.80625883661958 67.11662650754292 65.97679825972921 65.12257278411195 64.3290229755645 63.7971629678545 63.492095190220184 63.43673822318896 63.501210335135596 61.89656593796203 60.485346421493176
97.91995327353864 96.57800607805268 94.47044334449208 93.0280841704481 92.48915862535125 91.42541577623273 91.40082557788944 91.32636007030466 91.2112993267449 91.09158738693466 90.81871990424077 90.02331 89.177990878335 89.10449362116915 88.9329360848734 88.40043783262009 87.57798036403135 86.1619844153611 85.24983727454297 84.55197780358785 83.2114345842365 82.95361096389827 82.8092158413252 77.26858090597415 76.21526372651984 75.0006295393823 73.71857156298684 72.48709077746457 68.5719971272497 68.72054452859571 68.46486388851595 68.64117180437516 68.76012289420143 68.63313613750097 68.08919318740945 67.13823847477163 66.14923325116008 65.12250760362207 64.5387102052196 64.17467242941053 63.99751679922618 63.93876123896151 62.45415647706956 59.97830722245578
