hw/01/idw.asc
NCOLS 250
NROWS 250
XLLCENTER 2.5
YLLCENTER 3.5
CELLSIZE 1
NODATA_VALUE -9999
[rows 38 to 56 of 250, columns 0 to 43 of 250]
-9999 -9999 -9999 -9999 86.04014 86.04014 86.04014 86.04014 86.04014 78.92544024861878 72.69547 72.69547 72.69547 72.02674652671755 72.10052391891891 72.17056268421051 73.02819693551466 73.0412201633706 73.10157697334793 73.81058884653831 73.85248231040839 74.1395011893483 74.41293997980183 74.63052871108911 74.76784002945504 74.82166302431168 74.80915261157949 75.66255238109945 75.50954704882244 75.43113940356889 74.59791991758242 74.62877297619046 74.6776863617886 74.73388615517241 74.79061621345029 73.41220551351351 76.01403622950819 76.01404414012738 76.01431222222223 76.01495974358974 76.01611019417476 76.01784225806452 76.02011758620688 76.02273
-9999 -9999 -9999 86.04014 86.04014 86.04014 86.04014 86.04014 86.04014 79.91407804093568 79.03626040372671 78.07638532258065 72.69547 72.69547 72.69547 73.40062172919863 73.43422057915058 73.51192034512192 73.65422018453397 74.63096050492082 74.64047898372165 74.9821682460553 75.3006877923688 75.5616223027001 75.74955865774558 76.53387250694512 76.51070562059986 76.90196030403241 76.7319230659945 76.57493784457564 76.44419605217804 75.5913884047619 75.49943123983739 75.43095249999999 75.3816958625731 71.21951 75.90909 76.01535875675677 76.01575822085888 76.01646020689654 76.01752511450383 76.01897330578512 76.02075365217392 76.02273
-9999 -9999 -9999 86.04014 86.04014 86.04014 86.04014 86.04014 86.04014 86.04014 80.14265680645161 79.18868191275168 78.18766411564624 77.21832795302014 72.69547 74.75709386178862 74.84585261904762 74.15161506787116 75.16862119656199 75.55816483571834 76.01526426858318 75.92703029271965 76.26708229316203 77.2280494911844 77.3846595000166 77.47881851192263 78.03206287622758 77.9146983417546 77.74757847725488 77.54434346974166 77.33207511464812 76.51279094036697 76.29313757874016 76.10930565436242 75.96039098571428 79.642395 -9999 -9999 75.90909 76.01759372881357 76.01854693251533 76.01975901960785 76.02118387755102 76.02273
-9999 -9999 -9999 86.04014 86.04014 86.04014 86.04014000000001 86.04014000000001 86.04014 86.04014 81.2866464379085 80.36638574829932 79.36780499999999 78.36922425170069 78.05228999948773 75.39105732 75.58480509345793 75.87035252688172 76.9208008902659 77.34143538314177 77.77521947163929 78.16600267435399 78.47935528903551 78.00619538234997 78.15369206743075 78.2703441274402 78.73215515962752 78.66196059356135 78.50971329560585 78.2881106909919 78.03206137933232 77.77634094011977 76.99074601851851 79.642395 79.642395 79.642395 -9999 -9999 -9999 -9999 75.90909 76.02032492063493 76.02148803278689 76.02273
-9999 -9999 86.04014 86.04014000000001 86.04014 86.04014 86.04014 86.04014 86.04014 86.04014 86.04014000000001 81.51728204697986 80.54794588435374 79.5469280872483 80.30979931808527 78.46292094900525 78.45805624499152 78.69630661533337 78.80042005203397 78.94215186774132 78.4168246327253 78.72871718258655 78.94845843313975 79.09111792850399 79.19935790592271 79.1631199117727 79.19932409721649 79.1668056342311 79.03107043979504 78.80829683536253 78.53783668326822 79.64250601351351 79.642395 79.642395 79.642395 79.642395 79.642395 -9999 -9999 -9999 -9999 -9999 -9999 -9999
-9999 -9999 86.04014000000001 86.04014 86.04014 86.04014 86.04013999999998 86.04013999999998 86.04014 86.04014 86.04014 86.04014000000001 85.81598356643354 81.59041228233758 81.12776018216842 80.73791024390916 79.35498717255551 79.39439180262342 79.40703381763683 79.43883774902908 79.48294438004652 79.52632752232732 79.28357219840919 79.64271607142858 79.64262749999999 79.64251808823529 79.64245035714285 79.6424350862069 79.64244603658537 79.64246434210526 79.64248256493505 79.64249858910891 79.64251215116279 79.642395 79.642395 79.64239500000001 79.642395 -9999 -9999 -9999 -9999 -9999 -9999 -9999
-9999 -9999 86.04014 86.04014 86.04014 86.04014 86.04014 86.04014 86.04014 86.04014 85.91370804878049 85.86678663865546 85.81344714285716 84.2478710136823 83.85880410946707 81.45572950579991 80.17020349357962 80.00024654653791 79.89443998284624 79.79342553670439 79.71581184195162 79.92379029176661 79.78752721487199 79.76214077464788 79.64266977272727 79.64250068181818 79.6424105 79.64240510869566 79.64242821428572 79.64245426470588 79.64247686619719 79.64249534210525 79.64251030487804 79.642395 79.642395 79.642395 79.642395 -9999 -9999 -9999 -9999 -9999 -9999 -9999
-9999 -9999 86.04014 86.04014 86.04014 86.04014 86.04014 86.04014 86.04014 85.96866027027025 85.92613330097087 85.87023484848484 85.8061196969697 84.3940008909505 84.03017311519801 83.63057078260036 83.15865409766455 81.65550727832083 81.16544338215031 80.64699594935537 80.18302694621192 79.84827017825832 79.68138499021367 79.67544314437656 79.7464620700637 79.64252416666666 79.64241288461537 79.64240607142857 79.64243022727273 79.64245668367346 79.64247923913042 79.6424975 79.6425122107438 79.642395 79.642395 79.642395 79.642395 -9999 -9999 -9999 -9999 -9999 -9999 -9999
-9999 -9999 86.04014 86.04014 86.04014 86.04014 86.04014 86.04014 86.04014 85.9833474736842 85.93435 85.86807192771084 85.79159722891565 84.53932201029212 84.22784517358899 83.89513825257625 83.48773772324896 82.11627423433875 81.54990359038952 80.91097984613648 80.3212710059021 79.89608389114265 79.68906531723403 79.68100711920529 79.76864094962734 79.64258522727273 79.6424725 79.64244554347826 79.64245478571429 79.6424725 79.64248996478872 79.64250513157894 79.64251786585366 79.642395 79.642395 79.64239500000001 79.642395 -9999 -9999 -9999 -9999 -9999 -9999 -9999
-9999 -9999 86.04013999999998 86.04014 86.04014 86.04014 86.04014 86.04014 86.02343631578947 85.99043144578312 85.93434999999998 86.42696862522585 86.46918191983596 85.4791446862269 85.24100758001272 84.9652402189673 84.61980943488133 82.7691768738918 82.16290973537605 81.41502363748198 80.69175222154763 80.16151321208385 79.89222114241383 79.83895554277828 79.88165329187397 79.89577254521964 79.64253892857143 79.64249922413792 79.64249140243902 79.6424969736842 79.64250672077922 79.64251700495049 79.64252656976744 79.642395 84.13873344339622 84.89348723684209 85.54524581550803 91.08108 91.08108 91.08108 -9999 -9999 -9999 -9999
-9999 -9999 86.04013999999998 86.04014 86.04014 86.04014 86.04014 86.04014 86.02190034482757 86.23932597270664 86.38123187655196 86.48761026776121 86.51178312590703 85.64666171314678 85.44567666615642 85.2352420966464 84.9976753989013 84.55716012943927 83.59768139304204 82.18128692926045 81.33292047519105 80.67398773684211 80.29420882608694 80.13915196416498 80.09428078921141 80.06676385493857 79.64258249999999 79.64254403846154 79.64252720588235 79.64252339552239 79.64252594827586 79.64253114864864 82.40879788273017 84.1273470323741 84.97266658163265 85.7214445754717 91.08108 91.08108 91.08108 91.08108 91.08107999999999 91.08108 -9999 -9999
-9999 -9999 86.04014 86.04014 86.04014 86.04014 86.04014 86.12492762102526 86.20241778699678 86.34154219529579 86.4974184139477 86.59986983642916 86.59103675960814 86.45739165706463 85.62268853731695 85.44444035247301 85.29405124335996 85.0637132103778 84.37848066608832 83.65144941056319 82.76113105184423 81.3617483750891 80.83801465277067 80.54706085707387 80.39414008441503 80.30259780280625 80.24002937690284 79.64257485849056 79.64255596153846 79.64254712962963 81.73417192047064 82.39254296554206 84.19084848425196 85.09978288167939 85.93778638489208 86.64953647350993 91.08108 91.08108 91.08108 91.08108 91.08108 91.08108 91.08108 91.08108
-9999 -9999 86.04014 86.04014 86.04014 86.04014 86.29765514285714 86.28019184487133 86.37740614592337 86.5327169286578 86.694307649028 86.78337546840375 86.7321857184304 86.51845508393109 85.76657155663234 85.55512875774679 85.43500909100644 85.34575066755121 85.1559973703982 84.38220407521092 83.59019987100267 82.78627073591572 81.42742651821105 81.00899069698619 80.7503139626119 80.58680246421267 80.48036245554536 79.64259475352112 79.64257707831325 81.81115708244165 82.43734452091984 83.19552672886708 85.26874006097562 86.17235297244095 86.9716265 91.08108 91.08108000000001 91.08108000000001 91.08108 91.08108 91.08108 91.08108 91.08108 91.08107999999999
-9999 -9999 86.04014 86.04014 86.04014 86.04014 86.56537484848484 86.52051313563017 86.6444754305396 86.81714849826702 86.98402459016393 87.06437487047026 86.98148249250536 86.69297349298098 86.23263734516512 85.60008487769612 85.43081438304174 85.41401030407016 85.3617990990991 84.8425799005941 84.20301685483302 83.48582900939833 81.95890223472668 81.45871465827763 81.1190047838365 80.8912109639177 80.73845672259507 79.6426075 79.64259207142857 82.5190270589655 83.25272911501833 85.45473493902439 86.38470932926829 87.2531736023622 87.98839849999999 91.08108 91.08108 91.08108 91.08108 91.08108000000001 91.08108000000001 91.08108 91.08108 91.08108
-9999 -9999 86.04014000000001 86.04014 86.04014 86.85402565217392 86.91928567010308 86.82536869864376 86.98348797588955 87.18181546797017 87.36920382978724 87.47022979225153 87.40193726141868 87.09097773584905 86.52817155429221 85.75230551724138 85.46040302647347 85.43867990659056 85.46481696996862 85.34919017250164 84.61176857860426 84.01367945486645 83.42172121085852 81.8418250557103 81.4584654322089 83.11317637344179 83.17847534359831 82.86494556587941 84.72064593826465 85.2616462031575 85.868848756935 86.53262651574803 87.43331037401575 88.24323830152672 91.08108 91.08108000000001 91.08108 91.08108 91.08108000000001 91.08108 91.08108 91.08108 91.08108 91.08108
-9999 -9999 86.04014 86.04014000000001 86.04014 87.19565666666666 87.32171303030302 87.16152465156566 87.35964872107623 87.59667261978842 87.83155438070972 88.0026376406705 88.03089300126719 87.81585932203392 87.27390644909636 86.54096315789474 85.837674630571 85.69073500573694 85.67675956160242 85.58957232635059 85.36449245308903 85.03093297279581 83.89297517445469 83.95011043497892 83.94723709877422 84.02498738254909 84.15498324793487 84.06967752771618 85.87372137280643 86.36293493500486 88.40542709950537 88.81590001018662 91.49999980000001 91.08108 91.08108 91.08108 91.08108 91.08108 91.08108 91.08108 91.08108 91.08108 91.08108000000001 91.08108
-9999 -9999 86.04014 86.04014 87.43154144827585 87.54512999999999 87.72389285714286 87.49293269558002 87.73134346998215 88.01473730274999 88.31671561747734 88.59610163410302 88.79137427744097 88.7965033187773 88.45490652925362 87.8027 87.04565789473685 86.651996 86.11920900007219 85.9351519715016 85.69654692573194 86.35407349994361 86.41068661428841 86.53694075468086 84.84105182685174 85.03972986014539 85.26013422381448 86.64351999519901 88.7744877612238 88.9871985310039 91.78508590090092 91.64117423809525 91.49561975728156 91.36496338095239 91.26252481981982 91.08108 91.08108 91.08108 91.08108 91.08108 91.08108 91.08108 91.08108000000001 94.30528776595743
-9999 -9999 86.04014 86.04014 87.71750290322582 87.86985285714286 88.08389730434783 88.3671903960396 88.05837929515418 88.38035061732666 88.74088624371232 89.11608983050847 89.46057292149099 89.67240221446292 89.73566650584971 89.25543697709504 88.58445444126075 88.09295595771027 87.90363154384796 87.93449563170522 86.8612768566824 86.90730471875 87.04293670528192 87.26896816785913 87.03726347682942 87.51982065302445 92.69231 92.18507092592593 92.10703414529915 91.99619606796118 91.85204489247312 91.68297626436784 91.50758205882353 91.34961833333334 91.22834295698925 91.15147354368932 91.08108 91.08108 91.08108 91.08108 91.08108 91.08108000000001 91.08108 94.3145638372093
-9999 -9999 86.04014 86.04014 87.97238266272188 88.14836836734695 88.37804581395348 88.66266043478262 88.31172240764306 88.64933048433204 89.03207208077262 89.44148956925412 90.03242384308919 90.15210915411356 90.13785579650687 89.8577228664495 89.38698780341984 88.96588721094857 88.73051289992495 88.66958098528228 89.31177844779366 89.62378620561758 89.1277121197451 89.61600999701109 90.08984214285715 90.63050988372093 92.69231 92.2861735123967 92.21519820388349 92.10393949438203 91.94788094936709 91.7542651369863 91.54629429577464 91.35697554794521 91.21364955696203 91.12633926966292 91.08108 91.08108 91.08108 91.08108 91.08108 91.08108 93.33218893700787 94.37341450413224
