hw/01/idw.asc
NCOLS 250
NROWS 250
XLLCENTER 2.5
YLLCENTER 3.5
CELLSIZE 1
NODATA_VALUE -9999
[rows 133 to 151 of 250, columns 88 to 131 of 250]
143.87967119193166 144.30324910482955 146.0110359474243 147.70510389381792 147.79307753716438 147.8955729515121 148.0032729917161 148.10299807266983 148.32547501065665 148.3891536097102 148.39311944216846 148.43131206641948 148.4703285332742 148.62554528635494 148.75782829357746 148.99401489975807 149.30017943329722 149.53264704834612 149.53472311288414 149.2363865255571 148.96273217210913 148.74763322350324 148.70518057502852 149.10762636142482 149.152830955076 149.15633012226144 149.0718736227802 148.8388556466425 148.39569852204698 147.60449370918215 147.10870485789516 146.98288348281574 146.72942667723729 146.34782032594737 145.81652364807007 145.32747851941264 144.56143108474174 144.3886397061612 144.6698916828548 144.990214522665 144.9891258012004 144.57736195168002 144.0072702141787 143.4411456599367
142.98208615986437 144.07433807992604 146.02291971901076 147.76245917355374 148.00313791324072 148.11386291897992 148.22113990794745 148.30967966171406 148.46879852411826 148.59995694274565 148.56809775252063 148.7312341517375 148.7388731738029 148.78498009770496 148.88740963912733 149.00773252977424 149.21962753426232 149.3991053424541 149.419985482412 149.32060781894475 149.2286671663202 149.08784850555793 149.207602066971 149.27506750388181 149.35697575709244 149.42416839159597 149.4291746914416 149.29782612890946 148.99643409855892 148.27745755923291 147.7595853512409 147.4199642824421 146.8277333268593 146.53500270139946 146.1112248412544 145.70920517722766 145.1091775587917 144.82569544522542 144.8297616254085 145.02822715144578 145.01621976585818 144.63148414421565 144.1181425629032 143.3941012634763
142.87386500677076 143.30804689846053 143.87258919964785 145.7643169847055 148.17001890034365 148.2867010656413 148.39695747316267 148.5872977822198 148.67142585705218 148.8133777052239 148.83422161716834 148.79483878209504 148.8177099419609 148.86154279118063 148.9359803341277 149.0397348364787 149.19220480143028 149.27111678687655 149.29496782173808 149.29888710047962 149.28737538157756 149.32451301198122 149.33939646450972 149.42718293392795 149.5422499668309 149.66947066488467 149.75937282033576 149.7522760104905 149.51052331701067 149.13486328998408 148.2980058189041 147.94417821002668 147.56277620992495 147.25015657883435 146.4305644033888 146.07453228781804 145.4097186325662 145.0597393578861 144.8969434773222 144.95089716551033 144.949972874677 144.68020934786145 144.08033186051085 143.28276623795165
142.78178977856496 143.17566824363155 143.69852944756897 144.90854831782192 146.480141598612 148.50949833304904 148.59042608630057 148.6535374131736 148.6885713301493 148.77957840761033 148.82087049372964 148.82979964334035 148.8725591049631 148.91823338495792 148.97216137782763 149.03490054756523 149.16401405057533 149.2627323046881 149.29561100376077 149.31473788764336 149.3538083882494 149.54560008589968 149.4546557906179 149.5477822312534 149.6705843946828 149.82197932688516 149.95300942827137 149.9569755586027 149.78009597088982 149.50678134041644 148.75290748493077 148.38563019855974 147.93329287278598 147.58134118660757 147.2188731302463 146.8698093936889 146.02847179954134 145.612285020212 145.52258674541733 145.325376258998 145.20789652834873 144.93530292806935 144.29896651952464 143.41501143581874
142.67018007997336 143.31777059213374 143.82850001955833 144.47279773378085 145.9873922963863 147.47084817372897 148.46513428458243 148.61639780182085 148.70505194255372 148.71279537737163 148.7340321776196 148.89996201496925 148.92408650907032 148.9770318791805 149.01852701329742 149.13550733788762 149.17918986597905 149.27982724369198 149.32260123853803 149.41592836737547 149.4351504153126 149.6408654449133 149.72059896493818 149.635633269958 149.74222026679757 149.85645557085255 149.97085794283194 149.96752380907643 149.8493138942806 149.69465839834902 149.54062814070352 148.76820390350824 148.43015218193244 147.9379144370691 147.55917645984516 147.2245672894609 146.3501955500045 146.00407551893807 146.03724528726102 145.9618272010247 146.05670418972332 145.7839374555965 145.00150598059574 143.93421983454854
142.81155039399678 143.20813081406115 143.90494033429496 144.50308624843737 145.8569105287665 146.88860862306004 148.1294837602866 148.4727498878382 148.70105053239175 148.70598014742805 148.6799834404258 148.67854991790196 148.8681615854267 149.166291259522 149.0909264686798 149.19780199193957 149.22809974281608 149.32747927768398 149.3765878620462 149.4942553530011 149.6551974342975 149.72669972504514 149.80655884881105 149.72815358028262 149.84987352146942 149.87903843713767 149.9129868477809 149.90293140318087 149.8509561422792 149.80093887658765 149.75108811127578 149.4015670729815 149.11742699469158 148.28684331413123 147.88322458793996 147.55066465073293 146.65727446892208 146.40940927018232 146.61541941597758 146.9931401705787 147.29311096001751 147.1226126940699 146.15840527845904 144.88148280516432
142.90009546091258 143.3101945861883 143.79645431539896 144.74301699145113 145.65565748918274 146.61317372132984 147.55252639192014 148.241409301506 148.47276010261112 148.62619124285092 148.6610621263951 148.70782897902887 148.76777671069144 148.8117733524836 149.39040247621307 149.43095136782043 149.299631851537 149.38942330596393 149.5391232815121 149.67489021013046 149.77225248134027 149.81705731064733 149.971647564155 149.98096253174725 149.88788936414687 149.88245275004692 149.8853688864484 149.8806611051239 149.88603706552712 149.9074827135633 149.89787395684814 149.78091973112845 149.3914334754439 149.09304344618235 148.59566502876777 147.8215023245941 147.62239163415273 146.73351789025423 147.05369283501304 147.62613162260055 148.1692220920771 148.15676514705885 147.2266099626538 145.79613598869085
142.8193070573857 143.22813530355046 143.7039688283656 144.6125199364062 145.4391851959566 146.28288109953752 146.86617296025173 147.86305682040933 148.14371017430534 148.5246971915317 148.64584270230938 148.81713163118758 148.91058945266377 148.9384308804406 149.24406887739366 149.51717429605878 149.66851135135138 149.7015209611415 149.77835554465995 149.9377654857823 149.95758165726522 149.97156504150382 149.9844255768481 149.99164621244492 149.99299496560334 150.00000000000003 149.89863481451286 149.89763093950262 149.93207563685218 149.9814686118981 149.9807444341498 149.88092456484796 149.54019867885017 149.24174706894382 148.8576076504917 148.4367469975605 148.14000279052212 147.15983713803024 147.40690528541433 147.83793735971648 148.2301445607498 148.20357515131224 147.46333891447367 146.27625787849462
142.75342256795517 143.1714947214246 143.9420006990803 144.5177211652026 145.2680769294867 145.99512284943847 146.453789255641 147.11704618328864 147.7342394701632 148.0975908486281 148.66969167620164 148.94521200450492 149.19619116649244 149.18972122252853 149.16875196501312 149.71145345957513 149.71453038009867 149.7346300601702 149.94148193341576 149.95614303409067 149.97012684253363 149.98166302804987 149.99201949409598 150.00000000000003 150.0 150.0 150.0 150.0 149.94327052798477 149.98500299394885 149.98452588454373 149.89715606443696 149.76643175785287 149.32072531790072 149.21143173817308 148.84275093366068 148.46981646439383 148.3316026190911 147.6528851840456 147.80142928432582 147.85969176674962 147.78492727961319 147.29365885234012 146.52771761947398
142.7180939666468 143.15005068960787 143.8890590122665 144.4769791370934 145.20589083026184 145.80354891914234 146.1986621094396 146.79272537048254 147.48315679919702 148.0895148431875 148.94441174625564 149.40181009011033 149.48909472474583 149.30126315714836 149.27840554757876 149.44836104101105 149.78285221270136 149.79461337350412 149.95310833482029 149.96457814786294 149.97559380567915 149.99943672916646 150.00000000000003 150.0 150.00000000000003 150.0 150.0 150.00000000000003 150.0 150.0 150.0 149.94322930882436 149.89247388788536 149.81227913457826 149.67494422765552 148.95739814899753 148.76984487576564 148.6333194617421 147.70386995884988 147.70585439309926 147.60278457871397 147.49067509689112 147.02886893833087 146.52831132427437
142.62707934704417 143.16212155686193 143.90132265972431 144.63388054213556 145.32962342810544 145.73870133483175 146.04094672256286 146.51904747508587 147.21707085017184 148.04168266122696 149.06777471507218 149.83000768919126 149.86033007166466 149.52535105503424 149.21609860575109 149.0089649991735 149.8310086798207 149.99441954001313 149.99659375847574 149.9979762889335 149.99883690725952 149.99933124786924 150.0 150.0 150.00000000000003 150.0 150.00000000000003 150.0 150.00000000000006 149.99999999999997 150.0 150.0 149.8772177807951 149.81025229480736 149.72304082191667 149.5843422289342 149.39520499306826 148.8272827264636 148.73321757341643 147.75635186588264 147.52712997440446 147.3977856064146 147.17142319367193 147.0154351624704
142.73092569030047 143.19997303117913 143.80900036365549 144.64428188402945 145.40928012414497 145.779823457852 145.96013605158947 146.28138432749958 146.8807661532754 147.75635944273856 148.92808286684846 149.79226306644736 149.8304486933567 149.4371970021777 149.0644099030092 148.82897874573962 148.9480966851022 149.99525266139221 149.99668069345435 149.9977590301068 149.99865735999077 149.99920553851302 149.99999999999997 150.0 150.00000000000003 150.0 150.0 150.00000000000003 150.0 150.0 150.0 150.0 149.86829995369231 149.82910177768764 149.7286512469122 149.65367273391644 149.5709331948027 149.43046854922065 149.34233536840466 149.18006047756276 149.13107332016958 147.76160958073018 147.55786046214683 147.3024021825834
142.9287989310231 143.0407291866477 143.7113728061326 144.7353438690028 145.53279418831235 145.8637668630941 145.92850097830575 146.14105901429437 146.55529154400102 147.2552872468041 148.21490751942412 149.08935165202413 149.25038626241925 149.0497877877301 148.77143600232927 148.67829865850936 148.85795347843373 149.61794899210858 149.660041843868 149.99787678571428 149.99866613443052 149.99914756666917 150.0 150.0 149.99999999999997 150.0 150.00000000000003 150.00000000000006 150.0 150.00000000000003 150.0 150.0 150.0 149.83034671470787 149.7698176165832 149.7249660520873 149.6776443159796 149.5910608394834 149.54091790780143 149.44129052132703 149.4057727272727 149.37982927756653 149.36350846905538 147.70914209297482
142.9365767502829 143.00331810290538 143.58296016322163 144.7041859809332 145.56633881664712 145.88264158008033 146.0319433233335 146.1548147564632 146.33536710851126 146.76593911363022 147.3687823294442 148.04993105760622 148.34580709227964 148.32506495431417 148.40020499916207 148.46198100114452 148.72529075070273 149.17635111924344 149.61860312633377 149.71579095154632 149.77453843815547 149.999201318659 150.0 150.0 149.99999999999997 150.00000000000006 149.99999999999997 149.99999999999994 150.00000000000003 149.99999999999997 150.0 150.0 150.0 149.85476637077218 149.83120788099262 149.7944429432112 149.77397127320526 149.7292942298351 149.67609650155578 149.65323341136218 149.63137400428266 149.60827675845445 149.58152001254348 149.55218649282156
142.72418129347736 142.96584193456226 143.37376313657577 144.43696193253746 145.46052229339958 145.84284312747272 146.11037015547095 146.1678983406811 146.24992266439625 146.4831535429312 146.81958583426052 147.30178173161065 147.60640720913372 147.72767766554563 147.7773388942146 147.83654115488537 148.5933324152657 149.10466289710882 149.58774204304612 149.73060411842764 149.79451862063212 149.82817247431274 150.0 149.99999999999997 150.00000000000003 150.0 150.0 150.0 150.00000000000003 150.00000000000003 149.99999999999997 150.00000000000003 150.00000000000003 150.00000000000003 149.87172903610494 149.85818060850048 149.85612690721894 149.83804599918716 149.81413839965677 149.80298036384312 149.79365260248255 149.77751483679523 149.74810298677465 149.70771926132028
142.45706714487554 142.82730282436611 143.29317358045543 144.34427826543438 145.15564490802782 145.63592889212663 145.96964764644147 146.07718229228314 146.10193660444716 146.18723544452698 146.3653102647121 146.85047616771053 147.10359648210468 147.2945150182252 147.44940091425875 147.621701259424 148.1408404986851 148.72397116215612 149.2917726341713 149.64120758297892 149.73181346656153 149.76168184813318 149.88663835317263 149.89399762650393 150.0 150.0 150.0 150.0 150.0 150.00000000000003 149.99999999999997 150.00000000000003 149.99999999999997 150.0 149.99999999999997 150.0 149.92183605764856 149.91302576419216 149.902217908534 149.89730173574742 149.8995256887854 149.8915424407837 149.86321132345915 149.81852113165576
142.01755290519728 142.5077769842142 143.04288459040873 143.68614748960175 144.7007673839037 145.46532881103886 145.748661453386 145.94007808310587 145.90692773820004 145.9334682881418 146.15227490490977 146.51215241590145 146.77407973460421 146.9007018405062 147.07900722369638 147.37351503831556 147.667019607509 148.37984963445177 148.95003117497646 149.71029715243023 149.83354303309244 149.8553478383879 149.813038114049 149.88220151860713 149.88764413064928 149.91067203953426 150.0 149.99999999999997 150.0 150.0 150.00000000000003 149.99999999999997 149.99999999999994 150.0 150.0 150.0 150.0 150.0 149.9522181976407 149.95021565585333 149.9628257659946 149.96082452830188 149.93382021015765 149.8887923307997
141.22980668061177 141.79106809932688 142.65574432242596 143.34613517774852 144.51742637695207 145.2920364463164 145.60354092387897 145.8223093394576 145.74989382510742 145.7557969103192 145.94610690062916 146.26734697407966 146.51227940099534 146.71511656502102 146.9260432309658 147.19938304914226 147.59894887002878 148.28812461311705 148.92324129081592 149.66811040397965 149.92765844225312 149.95817010074404 149.85455677818314 149.87351598156363 149.8727863212771 149.89480824998873 149.9149231033113 149.9264793991224 150.0 150.0 150.0 149.99999999999997 150.00000000000003 150.0 150.0 150.0 150.0 150.0 150.0 150.0 150.0 150.0 150.0 149.99999999999997
140.33224541883246 141.19532222839405 141.97878640392662 142.66223926584445 144.09813236670578 144.91147367177345 145.4820008542881 145.63491902253918 145.73503464572607 145.74957354718805 145.87126257531517 146.17679382750256 146.42638045442666 146.66130835073554 146.84883004648367 147.03458862993912 147.3926489069642 148.10830813896965 148.79053593584217 149.48306509426837 149.91234267649563 149.92333201831232 149.74423253169454 149.76232927433313 149.86255579564838 149.90527117712688 149.94112789054662 149.94755773693555 149.88829400258302 149.9288972695769 149.9015917283349 149.8825296750189 149.88083164258887 149.89911869168432 150.0 150.0 150.0 150.0 150.0 150.0 150.0 150.0 150.0 149.99999999999997
