hw/01/idw_tasmania.asc
NCOLS 184
NROWS 101
XLLCENTER 505061.47
YLLCENTER 5258336.13
CELLSIZE 100.0
NODATA_VALUE -9999
[rows 0 to 19 of 100, columns 132 to 175 of 184]
21.741700106622496 24.154845513076378 27.174178477300522 34.58428503827019 38.63140226885493 39.87989039735805 35.6488783383989 34.27050373746505 33.520057480199114 31.923488139070425 29.800303813611926 30.597137421005197 31.81501202624307 33.474691866708184 36.285813778862966 39.03325536043277 39.82951071053182 40.37343176649384 39.612478848459915 35.74952487971547 31.146665622957773 26.185465505995367 21.304374620522516 30.888257766198837 15.797129306600901 5.9339117122453695 7.682646581348731 24.196478385396535 40.58476548959056 74.4175503228843 95.24803547880423 99.66330422960512 107.1659288484089 101.50263386274914 115.75126382562868 127.84765792598009 136.27651690708353 151.25349269752573 156.4396203898022 141.264914056962 128.83922216887194 122.41880380068231 120.93963141585093 131.1859125406905
17.23764999478714 20.69312168516872 26.327172345412446 32.24567562603796 34.40076999319332 35.21180038788577 33.9001326483328 31.647069951382743 30.46955936481209 29.012625807556184 28.678155164402664 29.966412324601826 33.067191804989086 38.13097090562541 41.37341592996695 39.85601084500241 38.28999296162173 36.292521607330364 33.5081601506757 30.825537639320675 23.635358385338876 16.87864497854927 15.659456221871414 16.597053252178732 11.506695302585289 11.116106436273736 20.871222493739005 21.589903614182685 65.48150592003465 90.24256678276907 101.06528163577532 108.49951790142032 111.56702938961159 119.49754436202524 127.38047653667465 135.80456445252685 153.48323951548784 159.03654977987026 141.1559455944508 128.5391132812941 124.64596082073027 117.4113852156074 132.9053656102255 137.05972991203856
15.685912036630599 18.466974800715093 25.236247510678623 31.316213097412867 29.830476906050194 29.8817337787679 28.50092689525515 26.787650845762197 27.64113248418732 28.271357588314608 28.684906762794483 31.618896867551882 37.067904516871195 39.16287524893865 38.852753857188105 37.186220613323336 35.85606684162451 33.20092856042607 29.74225158670985 22.118209401376475 16.108409860304448 6.822574198225602 9.823683928045877 10.388339607673206 8.784854574830087 6.428183716219972 37.31329467089894 72.62279035844084 90.08318606657522 98.65056920717217 109.10053432007444 113.02359611340806 118.61419153579435 125.80131419592794 134.01112023307252 153.2431034399468 160.21196798294073 136.40035970262133 128.06962556477913 125.14164780738714 117.98978014030115 128.4847885268766 129.87451814715592 126.16162783749844
13.419215195122892 19.78826076407785 26.579073634427658 21.781757748570783 23.041623243559854 23.469212431127936 24.458797352000612 26.192780644545397 25.384070935661168 28.36105103548558 30.403964341739545 35.16246825883965 38.63184514434435 38.49118886883287 37.57425333312102 36.048415747269104 32.67090573787257 28.60584275200961 23.515088056191345 15.865910838537037 9.267185485492512 5.712787424505435 10.044245151742626 16.799353398914757 24.427226630956543 44.03605486129275 76.48498152704842 81.01630131310553 86.73287116500698 97.88193237448235 107.28062652397759 113.07599038530266 123.00409483882505 136.3054116182449 136.42005050747954 139.4569879879915 129.1816448706073 130.86921930458416 118.11406389750631 104.74722285680342 124.94819627689529 120.0627407216996 114.18525612847588 112.43823436600917
12.526046612504217 16.791872652653897 10.877014877241194 14.664747185191805 18.79851692303695 23.204110265731117 25.195290087692726 24.27290641677291 28.48518746815903 31.26752463378566 34.31493388038232 36.84060703364006 37.86356213776094 39.40517277979577 36.40608274489922 35.133427954631124 26.897466280362373 22.341414664997348 13.893124027024976 9.738083163979004 12.408235120330625 16.245649374592787 21.394098373362024 36.892819215489624 43.242945363354465 50.35841592908212 58.23295957673637 56.490210060485715 80.39333298963354 96.35006883823863 106.87547515519094 112.71493947316054 113.7893959961547 114.63825253334437 107.40455863776819 106.18446126888622 116.14684871519133 100.83353558012587 89.55248470294384 121.07721851514026 113.50242346670674 92.47082896254221 104.34319913122145 106.98597978230538
10.060569625293336 8.275019388363317 13.1595330623364 16.70907580135911 25.677395004375324 27.397344842429554 28.584515107014486 30.19438670392321 32.07783870184133 33.80316612789521 35.5972628718403 36.629623428725914 36.99245531673792 35.219148800098814 30.416974180566264 27.342900243494643 17.981190560243878 12.892813524719166 11.460045004780225 19.03462358119967 20.4529674809523 22.65810615832303 29.703413559298326 30.762041694017924 34.161581499890275 47.84216712335223 55.270099626034394 64.41811779781615 80.25231634885508 89.85979257689102 82.440867231216 81.34707553753229 89.28708807896422 89.7761389129838 90.00964247649675 93.42522944473848 86.97164580160641 81.82007161001448 107.85130171148826 102.77722945770577 98.31856540173575 97.89958031839075 105.21894321537988 117.40789968261997
9.857116685847936 13.468969668012058 19.773214254017294 27.51055803931013 27.97854898739991 29.570732011144077 31.006159141385236 32.90293879596024 34.63104769617201 34.48230198979504 35.41105683263103 34.450062982843555 38.678527002890775 28.714907490927967 22.082374503095934 4.698867512212538 11.974668293602544 15.775032764097165 24.72344427307794 21.958358788205643 23.316685268931284 28.49817130457027 30.61448938881436 33.04253413856592 41.20956659387408 48.017362888437965 51.0288932992625 55.326082937990904 62.379605185022164 57.73687133700357 59.602772456668724 66.9335743638923 74.81174579195982 77.83347687269584 76.47984999536989 59.01834487025428 56.2545562416247 97.83695287914965 95.69536132391903 99.24021713907143 103.2172797590931 110.06480248252211 122.71750521000845 135.68881671745675
9.935702046654708 16.494004704865226 21.82611479959905 24.194713091786014 28.107756575945583 30.817884146714118 31.80379214876094 32.77245039347578 33.79961122117802 33.78098332832336 30.73100806092474 28.981824455409164 29.214307580050495 17.042389288705873 8.333325720728071 5.907554892016914 13.55620313738106 16.233592835743305 18.099078470820686 22.701298466856983 30.673535004632942 24.72687378688201 25.519310835744758 36.19230875543084 45.137939773865654 46.24830642198934 51.134580354098 46.233405000947926 47.80945285166978 48.2622113105824 46.154549222641975 49.96038641543347 53.56046589592959 56.1563443151731 55.16782130186797 53.05676952755439 91.31449993202537 87.56935268401213 95.07439933125063 105.99823537925154 119.23591722586762 129.86273129553032 139.90977176501548 153.58618573408404
7.883329758045373 17.0898726227202 22.937718524114203 25.05200640237807 28.828715067832636 31.49470171545725 31.52952688812334 32.543024721582896 32.65819766716736 29.909585115586093 25.062973315785747 26.50932263567375 6.632098829935229 7.961923895127187 8.304217183866879 9.100154388664793 9.807074810201838 13.761690855232983 13.114090018659452 16.17037783942562 17.10412202185066 19.75750251669014 32.5524136237516 41.834145930015325 38.22537860788586 39.656404578993794 37.55851571682445 35.4930723943628 33.310138120440044 33.07486647363328 42.60931485992382 40.187635320968774 41.51538241878198 45.21308729524337 43.35730258420612 89.5799795409083 91.29632375410873 97.99138049266111 108.20351964455327 121.044417039059 127.31397229931761 142.68575372017239 164.13483565188744 180.13283964641099
6.883205228121649 15.897080845152525 19.433928168040847 24.01118468082089 29.22844259695039 29.995398525546562 31.73053391017972 32.41679367234389 31.523645776562716 23.777340987247403 14.998333052044375 9.582828757284824 9.389361321498587 9.46098258932399 9.233861618102157 9.943788209855633 12.642063045055538 12.792565295640141 13.928031039556679 13.675941308408303 19.885504566024334 27.819750661337547 30.826544278660403 27.68452161617479 27.347975008320944 30.268587676578875 29.894945926714918 27.649869728875768 26.359965191745154 28.111553114491986 30.478838846490902 31.942216279908244 30.96253947899197 33.57285738617784 95.73607752165606 102.90867135144534 107.70475015456613 115.02167233541512 119.60815213569107 121.90645847486365 142.49597297554172 165.41722662768862 184.89158170065292 237.39673108452573
5.646849080374864 9.207368703121187 16.592598199692215 21.3234689583871 25.676523566962995 30.265755898545954 29.821397143167598 27.730376025798186 24.351535025319283 14.579326047253963 11.036156455685708 10.72025979272745 10.729964136973297 12.182636782898049 14.93352187685479 13.220756205194453 10.90491723003688 15.320181310383825 19.463109596499002 21.384340914487446 24.98040202435455 27.512841165847366 24.557613396309602 22.784875702374748 18.42892191478108 24.705213896558224 24.674548024349765 26.8454277382533 29.65229039097815 31.381299117238367 32.03460931231866 31.300402249930173 35.144986489778546 96.22479898586741 102.6744242695709 110.70488228882388 121.22325664001123 123.31388256733882 125.39570786022054 142.6320165138371 166.54754360352976 185.08006956363093 237.82334635798588 247.27504856349395
2.6372325127745677 9.44171820132074 15.58015218966704 18.264109501186596 25.488331029695807 26.328764341043282 24.966766410334827 20.337202261494703 7.673321254993911 6.258959112152912 10.337709894220213 13.62303082649959 19.326404368986985 23.222999154217813 17.81106372258462 16.23402939898081 19.687726978797865 21.278136133646328 24.169286846345905 25.21234989261671 23.76182343438428 23.40485503558653 20.36111028950503 19.87319541389496 23.11079001154691 27.740513765590816 30.881548787055895 31.619775842307167 32.93754196616899 33.43737981027805 36.76341720543895 41.60763107117072 98.94615592194484 100.09142846896036 109.98693907567694 118.76873988715062 122.99102928889205 131.11989034000297 146.99273971796734 171.7090633723523 190.18656640172625 209.35431200830382 217.95142292114897 263.8697200858876
3.0906369343824958 11.348383639680192 16.776277747632214 22.313180220928636 23.8977910074842 20.650097067404925 13.941388809268954 3.5080787849889443 3.161739313143886 10.272087656198222 19.18168372274782 19.99606798991677 26.31073902066839 22.628158063285678 25.359558304101498 28.079159734992782 31.172425449706644 31.38852953163241 27.820093039768835 22.852538665458123 21.9298617841384 19.048226516076195 18.42752222019424 21.12279235310052 27.374830570995947 30.31344803291893 31.482476728490276 33.72858152814603 36.74043005057933 43.24481060561914 47.16718951673657 101.28844638716208 103.38286030256124 109.03000118354747 113.09246702892601 119.4248239053294 129.35356710453266 141.27875091435527 156.43734289829393 177.922872559005 164.4756622937864 198.42091331420735 235.25322873235905 244.24471120358106
4.905586077500997 12.071872656447114 15.678818134549454 17.832781508315833 16.38672742084454 10.289536482644749 3.8821334067054476 3.146674048711925 8.410428345273461 16.377158123235905 19.729571331476237 21.319712153425552 23.386938980718003 28.64146550152001 30.90251920858318 33.48048247710215 33.12243969715413 32.59587594771054 25.338418928990052 22.156174508949828 20.655986658745565 20.549286127763644 21.103764507683906 26.71363746599308 30.271044424297248 31.795042719957404 36.22807053582689 37.148518913341256 43.29905004601171 47.108829558520135 101.04977386364351 104.32596287447633 110.01209738145623 112.40836696661994 114.06239354190485 122.38008543943526 136.59072754700244 138.62458664063666 168.1380140717506 186.20695410243206 190.38386795446894 237.8817699367957 265.9373065189631 290.5279958176904
8.585335677632159 12.215008432621165 11.650731785320202 11.319952179681971 7.946052759754372 4.63118034332483 2.2341608437232363 5.477602995259746 11.367867381243013 16.140119863795906 19.63732469125747 22.747022154403485 28.436436115316976 33.56409549397388 37.684872190209326 37.290609093647156 36.771558104278846 31.78870308258206 27.662034193653902 21.25723190364424 18.382337448310118 22.427747082430244 24.28687735603042 28.50054218674198 31.23456444927875 37.934500709237064 35.203865072482934 40.37844880954027 45.082073559340415 100.26964947679181 105.55354984631367 110.28419922532598 109.40808295606675 112.62373340576875 119.42594253825737 134.9609989197898 151.15757176647432 177.45921219769343 205.41670356311099 240.92382070341947 253.84382138965995 281.21902306205794 314.83271283870204 323.2188558222585
10.84771609220058 8.940713494775817 8.974092594390495 6.731965411408824 3.167798293411417 2.497933525602556 2.9215919292163646 7.616885763216635 11.24686864541672 13.39967700352515 20.228819074765582 28.193309175200373 34.48842530180951 43.31600582054035 43.08692136228399 37.08706091565253 34.978536866636965 32.757783427175944 26.118602129109927 21.589706736168427 22.74902948031509 24.98850649838167 27.65655133630975 29.39138202963455 31.77299077465055 30.07547219640968 30.851268785332216 32.929821858384976 98.0383111164816 107.06086082425288 107.78602342648534 115.2536531058815 118.10835244074526 126.45461739604139 136.74766724596878 159.47044273849056 175.05557893508092 195.37836342014586 241.58914524039207 269.6845793430083 288.76671854677454 311.38192041971394 318.4297585473846 325.43831027277724
6.622667035198867 7.108304257918841 5.700286298175527 3.4393810073976 1.7046712095341385 1.621057783701469 4.356620835100414 7.535827054426497 11.358858401029476 18.85136032148634 25.551636984213573 25.368571526971525 35.912621366445435 38.76724918948537 36.744055473100225 34.56712400487384 32.18426475893742 24.67543157224557 20.550400540690994 19.85060211039503 22.154296330052986 25.578047674755393 24.59566628097735 22.94618703346049 21.343460425350322 22.790536197683682 24.706014415184722 99.18354164086313 112.0769212596102 118.6664588618519 121.11599144183054 124.37928850128857 135.68881319377664 141.56427836633208 156.547368151204 172.03016147944027 185.2921110040204 228.81172636648913 250.09669950808748 275.39114657830277 321.9706236682173 294.3838895959543 312.7550290299128 325.6827608942624
5.965334969768917 6.676974156258484 4.787692602014789 1.915893676223227 1.4730478963472484 0.8894696722875685 0.8125570300972449 6.5257043561099835 17.172392374152864 24.95561011832877 28.09968246483487 32.86301812712047 36.554276028932186 41.66070333475106 34.66011010952146 25.98490708015292 17.799941209113435 16.107029586460854 15.322567073505644 17.85060793487388 19.72205498875012 19.42000446329847 16.79054857739977 16.734948731167155 18.973096387955138 21.154807283694513 111.05430873002635 119.96181053100901 126.57440255465701 131.12183925262727 144.5169924607838 149.42562209781764 155.87414078262304 163.7966344570999 177.42939574156807 192.43016654057794 220.30879021948547 240.00964314739196 253.16548569538813 273.7971378333989 275.581419758318 285.5155419099966 314.095395454204 322.22522287076157
8.896701403060032 6.990035009220598 3.6433940807495055 1.9452953137172242 0.30986950873927543 0.499259261278677 4.790130179020169 13.205658784318507 21.24294383403575 30.133132771345586 30.983507590499727 34.0510880141012 35.28837222778036 33.98958369768867 20.96380291626285 10.617062462926041 12.316067178627927 12.974441708282855 12.48994712455011 15.015613234827775 16.229259890161114 15.086172191751762 16.01319886615583 18.825758253978325 21.362027317144076 121.45686719958596 127.14054594526215 137.0582093459284 148.9027759819545 164.74896111604136 165.43165499939602 168.10954567421183 182.1277683758793 198.46522758334135 205.88550237970094 198.84127774756544 227.8931328762772 232.49659537826162 263.0345532295599 263.1976115130324 275.62178004766605 308.8435282165793 330.46023056089194 357.9753360631967
8.002930789580004 4.081868974655364 1.7379956550950546 1.1047671499716705 0.7215934236270546 4.268624412526006 9.480458263744167 9.99510970514765 18.544768238071928 23.57606643015751 25.04761356706162 22.4277357066262 12.784812418767272 15.054741007562944 10.387836457945768 6.225356284211171 8.920536306213542 11.18173723741128 12.36284630133831 14.56198301004154 14.244773720057896 16.752156349208967 20.72804082012991 24.297497089498492 139.56653017706716 144.0498341531066 154.62450740439763 164.6454007817781 173.96961258698744 194.7334312390806 206.19147332080712 214.5354308630125 219.10736458267883 222.23115494960618 234.7497951008048 247.72126083760352 255.7790352530234 279.466287159391 277.26638645667254 284.4401825249636 322.2020758084674 341.01982473109416 377.73713985554 401.20354728363634
