hw/01/idw_tasmania.asc
NCOLS 184
NROWS 101
XLLCENTER 505061.47
YLLCENTER 5258336.13
CELLSIZE 100.0
NODATA_VALUE -9999
[rows 40 to 59 of 100, columns 0 to 43 of 184]
3.6184270063251036 8.575371154163554 8.909514363537381 10.604764078613915 9.667834849552907 6.627454873810302 6.678172141678141 8.283232820438243 12.085351651285407 9.15356176882738 11.441766405844032 11.417556771517944 22.19243578942913 45.668834029240685 70.36924443565763 85.2454438782686 85.41855342332022 115.47979840251143 128.86909002884846 154.42320354387564 173.3858894281981 197.12956654409123 240.20624932536944 226.9782783041702 230.62935386155755 230.01972817200013 221.90150531107648 248.1837603540384 275.4703088876547 299.60579556726174 353.74283905640834 421.56367963440226 467.294376339863 493.923716840512 492.7418733253011 484.8628442686543 487.77163097014005 479.69721099284567 441.3227661930901 426.2493133467297 431.41950803677236 451.63358425247577 479.70953732684154 493.79211069378937
11.637011557442221 12.464527562871949 12.734201813287488 13.868543466714012 15.706370176246615 12.402714843770251 19.182269341772898 27.34124912983389 30.32086301753507 25.946795475647196 32.07661198398541 49.16123682747162 65.3490382163654 83.18536603941143 103.79318531263213 110.7314924686922 132.71991540790285 131.8595039240422 134.7156912330229 185.48499446458192 216.95021149520426 238.26883964885707 245.8891192705228 258.9056897321036 254.63577750752503 214.18703742756452 253.63125650634237 284.3701426801092 326.1265145653751 351.8287068559009 426.0450257477657 484.33269661340046 508.83565255787613 511.58123518874754 513.7959215279255 520.408418139544 498.67941165041316 479.77062795812947 463.7448063894125 459.0775435732152 479.85464696033563 498.31602814924884 499.3269733914491 516.3511551420412
17.636607905871124 17.813035691769027 19.10709215808424 24.542571383515362 29.69687836403398 33.47114650896233 37.45235267655165 38.703024790598974 44.3051015952351 51.984460343037675 67.32018625526582 68.49099721310505 107.73821662821203 129.18563321124864 141.91824584961975 142.18246333059568 133.60036598789813 162.29141796873185 174.79113267861516 212.9809933239096 237.18241872731707 262.3153492793185 292.48866807315915 277.9320734410149 274.6469439006978 286.29435858490325 310.3364650610797 329.82319063904583 349.56914914002624 425.7306505993214 473.32505997237723 509.0228506447524 534.205710214865 528.7700582490116 541.973469103903 535.8460492063098 520.2049744214959 489.2807076565912 471.53427230659963 505.0266906554892 512.6322735107207 522.1630116835032 536.9614036978217 560.7561866960015
24.90235840801369 25.668294923520435 31.31570820288684 36.751161913874995 47.61278855317332 50.977479891466615 56.4315530101316 55.269824754280606 70.9058037424014 92.34796577132121 113.09080620248203 148.73229362770888 143.49173973456206 147.26759211347527 168.1440471180393 178.73036297381037 193.44593996006154 196.16919852319256 224.22903310514818 246.33279078144068 279.7331155660271 305.278705971249 301.18994189021726 312.2423590522229 332.7943050657387 343.4736760038112 345.96467271088454 363.96509535543385 431.35717909468303 453.25850590053193 483.47647600665726 511.1810379085605 528.1902955738154 545.3312920589722 550.3809103072231 556.5651843734254 529.7122944456431 521.9388117170726 518.1241090799494 525.357133714227 532.1689421816349 559.8939985992636 583.7069391170071 602.6198404557937
35.92680191411816 44.573563836760705 57.49064477278721 64.61707831250497 65.20436711231957 67.57924141730882 71.01457515686536 92.72821531086602 126.57734783384943 135.5539359184826 152.4450159531349 156.5859549845942 184.80430142355735 216.94115294607045 239.36428803195093 236.65768365507847 202.00989278069432 233.92733748568173 243.56591311338158 279.0378309270784 325.5910948688571 325.05320741195743 344.348167065907 361.342771433153 369.13574679861364 378.53028310618174 386.71525703989414 417.013566441266 443.8282612615129 471.19688216691725 492.03701253257304 526.6930131625548 557.4364628569814 551.6059025891776 550.3767135807716 548.411248224805 548.6875738716049 557.2550887377413 555.0362122338262 565.3125184267416 580.980147615356 595.4579551418482 606.8123023911403 613.965989863238
62.47982416451491 67.33749386604025 69.48947645511663 70.33600999667046 78.56395043231097 88.50173319418644 112.66601783332322 140.75979631399943 157.11406792689172 165.08982214035194 176.69230763131145 223.4875002636033 251.63848538957419 264.16155362807376 274.7267551732609 261.4369730453131 268.4442306610077 287.39266790252105 302.82611927974204 326.61218737553315 347.9668504918114 378.33894792604883 376.3396131393018 398.6934436478017 372.8637241546152 402.11815374205366 422.68857744799743 433.2143896008763 466.3014961599688 477.2932749252765 513.5397298145472 542.030323090825 548.6156398205767 554.9693087092514 560.8629903568086 560.1850125332857 566.0553793426857 585.7845315542464 592.118030808278 593.780155206974 599.3283416656184 609.2310413164373 613.190455989536 625.7244953061369
73.0481165608827 79.32007104485216 83.8545052913802 86.79695136303333 96.3309777510048 128.15309466562334 151.035358204078 169.77755626326035 176.88606321082725 206.99435533240805 244.74960677434498 266.70187656720856 277.95851774384744 294.64013345620344 288.3230460464439 299.186062740702 321.4837056043433 330.1659313132404 345.884310762927 373.73495668322806 405.1528041236131 427.14020798756826 424.8031960644207 419.62079954181183 430.9952090625026 423.6615453553111 426.62500592178986 460.7860189390733 484.63776745292773 498.48995281420656 531.1732866356343 544.7847348861022 570.6402030811912 579.4680780409254 568.7707133952701 571.8241045501279 587.1787896128113 594.7223739048779 597.9183021504153 611.5308993180911 606.6283498053037 619.3483531166067 621.1056732166635 628.9978918788858
93.1585432258514 96.17893638854254 102.35741495119734 106.63261770101418 131.97349810863594 149.43575655116825 165.85526504365694 191.8713639599333 226.2940823396826 255.4235540266125 266.6674459350555 280.8108493575647 292.4027384511385 307.5215517191603 313.2541193595627 323.8785262832002 334.724140273309 360.50810961738966 390.4657334858108 414.31985086597126 429.0912766575772 430.5573126915459 439.0420113828726 473.7417429614942 447.8158932750314 463.5920343179466 470.1406070492861 494.82435713142314 519.9085448225059 544.5998679577367 544.6117473380972 559.3507914182402 570.7499309680088 562.3333509323728 564.8034610155287 563.6679565206936 570.4075912812931 591.6726195298155 592.3105042847257 593.5239340150139 597.3899536018818 608.487938528505 628.080355085099 626.5466784355056
104.03145566945682 108.2304364328269 120.62258073476904 140.83949863723078 161.68408623585188 185.4324679390918 197.52937352048454 229.63020336339721 254.8619965582665 262.49305179333584 281.86242339941913 295.5725565670785 330.6936860951381 323.5422057182449 339.69744203821995 351.55728808176286 371.83374253483254 392.70668608224855 412.67926963622585 419.80641085174267 440.267650096014 445.18523540691916 456.9510444355956 448.7101382444093 454.3708638994115 477.7731575895274 512.6857146519231 515.6677170215786 530.8647560206223 536.0894179043275 537.8157835327113 540.3700480425196 557.5202408098855 559.4679608732899 545.8880769034727 520.8058288348847 555.8809271787717 558.0241474897448 561.7648891612425 570.9293810062308 590.4386241516929 595.6969560033513 601.4341040318504 634.6916037580642
128.57643622907304 136.67170277752822 150.33337577079732 182.94159972505307 200.23440269154156 168.2368478287333 220.52901579808187 249.70976996195995 257.1264140039284 269.12610151915635 288.15540876928463 309.3756887560286 329.19220856650844 348.2288196701739 351.636297226183 372.1016270423274 391.8528136896107 401.6882048770168 413.7555680864657 419.6777721989815 435.17523741998843 446.52771070863037 446.35711620655456 441.3315642145163 466.85686859083535 517.0465370592888 502.1839922739223 508.99896622353464 508.82948471768356 520.7620854892956 508.96477209109827 506.4831333156414 514.6239096090284 489.8285298634433 494.7808576070135 497.93881951061206 499.6724492119095 521.969145555457 524.9580076302844 544.9409762837187 579.5346791470628 575.5247214090205 592.849740654914 636.3266563323822
149.69920961168418 163.10449803101503 200.9442464847033 211.94949586902518 223.78494766760573 232.50496545005305 246.9126647579469 256.33987678239396 267.1936172037072 281.32127989626804 292.76910648464974 317.9661778370691 341.9809069523915 340.04292834822246 362.70642392827773 375.63848675105095 381.03267312531074 401.0637162245178 406.59419560582313 407.9301400915254 412.4744306667401 430.9398168839555 427.0322834192732 437.61641707814636 456.97001125926914 473.5848738069401 488.7703998414684 492.31409279871934 490.11882967008455 460.6571963774925 435.5818285742305 453.4359113072065 450.2823195796291 434.8711241762262 454.33995670852244 452.4564701894098 448.9395331016781 469.0310491951468 498.2646235461908 525.4124467694497 531.2417380070488 574.0198063670942 613.383642498625 644.0036172290678
165.6647619847093 197.19883431092944 219.78519219738246 230.9785541138294 238.94631851509797 245.8068711923236 254.7120851556948 267.7812471325263 285.264312371853 284.3187911409711 295.378400509218 305.9467674998615 307.81375069228903 332.84356230069955 351.7914517894652 348.90562937650867 373.10374145787034 389.0429319999475 393.47927109322796 392.85452223571076 393.72355717887785 407.52913478537636 416.6028023888319 434.32565570607005 454.6032939996503 486.7262028891202 488.83035801526626 466.55360102702923 440.44012845822334 425.8338330093083 425.6433496566099 414.294496488187 400.14467889263955 411.2066274641126 412.4442531460011 419.1395647777239 432.4192986530233 462.3915417539218 485.96889848063273 507.0881570519086 557.0550748191339 614.5099305903987 631.0094262363315 651.8887946828044
178.77316711719033 199.18406297065303 219.0378895512133 229.76389028685125 246.40386938040797 251.5311485452847 266.2432181144337 263.4769831092299 277.0512651551056 281.7995513190983 290.09638553149034 286.6551918888087 301.38116501442477 313.00907234145836 310.6822964190206 334.96776929709046 348.05245096776093 370.72994818707986 379.1603592281323 374.78659421311716 393.00238555910624 403.6993378185396 428.2798395259141 448.5513765848422 459.62962880435543 470.47829832514356 450.89316270862605 425.19134179330507 381.9456522297297 361.2038037503949 367.3078155434285 350.6337329790387 351.6345055122085 388.9079206195417 398.5534579029953 406.1711035450295 449.1399364844247 462.9195535293887 525.1420913191279 542.8162495516457 592.2288418124551 632.1387821931634 649.7588095865005 657.1801198516034
184.19416359024308 199.94128416757286 221.12882404379968 233.1714777156658 240.63870980736897 250.04446043490384 252.1133065938603 256.783787733295 268.6804711673212 278.74622868261963 275.9623137121153 276.0545522497681 291.5085312450543 299.57293455552156 315.3660018077243 323.18882034235224 343.4796326867423 358.50859600692075 364.30968070823366 372.67331308477776 396.9196042384165 417.0185757245636 439.3928826717938 444.87301795535694 430.3582060721897 403.74053184486223 351.7583174495131 308.2904655626615 317.9747857097314 328.46098060615856 313.2400247641842 328.20657172546703 375.7021088804689 404.15124263422916 419.64855660320023 476.224434703571 496.13451064011383 523.2288709942554 565.3007406119609 599.0244212876618 636.1130980214517 645.5469690197316 651.8595098522869 684.5665713589467
190.66034824092438 211.8777228506262 225.9023440334344 235.60834503457943 240.99306884386132 244.81255507218535 246.6915787739684 247.09912197422534 256.5156328974318 267.42645116842436 269.1546609010293 275.05482495032203 278.73500437439657 286.37290147013846 313.18726993514593 330.9050654958637 337.62408651571286 335.12900191187344 344.6898822638829 374.2144301732921 398.1018215687837 396.2933636736308 388.2397190972183 361.0492099005777 328.51372417512164 285.8105948947056 287.19505978944204 291.0924786918113 299.4529372283098 321.19805267367724 348.4834090554783 370.8654967041407 397.4831092078617 430.94359882926636 474.70333547341124 497.5296903990122 534.0681377915688 598.5579914678914 612.3463875512268 630.1663511855837 640.8165366399372 655.6552448052612 694.7915008411182 723.7767256934939
196.03981173947673 220.79320327020713 233.90713715778435 234.99810267736694 230.95813238360057 232.0557201317364 233.39820646379525 237.3073783890711 250.93458816442333 260.0570908868004 269.2708765996396 264.01686542059537 270.0859505861097 302.66146947330765 321.1181996328242 327.9471890157811 333.3991368704011 342.43422851009154 355.8569276350082 350.9949818463088 345.59456390303245 326.9248674149041 306.61056324338756 288.5102113857624 275.0992841005384 274.8218233586066 275.64509773513265 279.0946451169062 313.95987517588924 339.2909752762912 361.54348991623374 381.2245540318497 418.67202608667947 468.06312606658963 503.60834366025176 541.5877388982784 587.17907336561 616.3793900400111 626.1474880443147 633.1115151714383 651.4833096090628 704.9067650525734 734.1149665518634 744.9024073144212
213.13353140344648 233.6974272294883 226.94262445374162 218.39157874588446 217.38818120337973 226.83341292537838 226.38790938826753 227.11399798499306 242.18191314594122 242.5259251795484 256.7623234274638 274.29330304716956 303.0833345739072 310.4596359469234 313.5390485011257 317.417971232125 325.61646251673494 340.718368694029 322.5452578401735 310.3117114681295 296.5549129110538 288.00491420835385 298.5873860849284 273.07833947970175 263.2173396979649 258.00652667293133 273.5571369474329 302.0891869813181 331.5577244513452 348.8378459838007 377.07803596183186 409.8552642585703 439.515276941394 500.45738003534143 534.7046436081096 562.0890403429377 591.7190023878516 618.1821826939326 624.1263290076838 655.9011917114781 710.4310222344684 747.7630160604634 757.0027939399863 764.9071757104192
218.78716471050228 215.33566925442642 192.69369520015542 199.5894491667056 200.64999203300195 207.5538189434345 202.3193576283682 230.0167618716031 242.29087506969043 254.38525912128725 268.80305001511846 277.98114067475086 284.9172487142241 296.2208231284569 302.5972080420791 308.4081993603591 316.0906053222625 312.9000245039664 300.4370110932497 282.23387570780955 289.58118908737873 282.3531484365744 266.51978361795085 252.58648518770067 261.08445057478383 284.14819973302747 312.8382742768017 340.9610743137377 359.6517739966247 376.0399657127773 399.5287501012666 454.6144432585883 481.64634072518623 516.1467577617854 536.9100127314349 566.8255853223968 601.0970971171482 614.1859755971783 648.1679963942665 719.1022303297775 752.6057535377454 773.1859076070351 775.2657129770818 771.8675127811603
212.34341409012717 199.7356926747807 192.21979406906678 189.80994928338978 199.68352381786883 209.16250901424462 236.14331104675742 253.38798657530967 258.5105771629984 266.4354248941391 263.0838151204512 265.3549767406813 280.9274115259196 294.6360030935187 298.9314358038641 312.9051717686369 311.0973536481566 298.24809278644204 280.38018702721564 272.8646529295681 262.7218169277887 251.152824225203 245.41312328608328 261.6214848415314 298.44491601945055 329.0602252642376 344.5699779677124 356.3003523937012 377.83434757722125 411.5360388116841 460.11368186688037 470.645698657313 505.94607718321 521.9943382610502 548.581695089812 599.8581670768249 613.9566041808313 637.8257187988478 708.8485937662603 763.632873191224 776.9314445685142 779.262620294508 771.6458246690947 765.1811779110108
197.39388260659882 184.16576174216968 184.02952259963635 208.8894754465991 225.02560293878312 247.69205182618015 251.95014709420877 261.8619759193596 274.1919925388902 256.38558805057346 250.1598931506652 268.2272810192172 282.15641536170057 290.45470155490557 291.99297805765036 288.3032944013408 274.6973904409677 261.1348948040802 245.6300291114901 232.08271948948342 230.8450061421273 237.40474471503754 269.73796586868843 295.4446310582492 336.0209449785064 353.29780239092185 377.70972302131827 400.6222719570313 431.88822645746677 464.7240245853753 473.68286210703826 496.1327124118465 522.5339965524423 544.931525482044 591.0201386046523 623.5126428483387 644.0194042480772 712.9254949779228 771.7092629769585 803.6324920607017 807.3460125709099 781.5851400557725 755.4946680380002 725.3456866938612
