hw/01/idw_tasmania.asc
NCOLS 184
NROWS 101
XLLCENTER 505061.47
YLLCENTER 5258336.13
CELLSIZE 100.0
NODATA_VALUE -9999
[rows 60 to 79 of 100, columns 88 to 131 of 184]
25.423402327389905 17.675067832362313 11.722429608283978 7.395849682800112 4.374351902833625 3.157151375310757 2.675647452575134 2.293121402911809 5.463550551675756 12.203428601528552 15.49885189216817 10.698942718867084 11.563779244183221 6.647556181651102 5.590415471369348 7.333108954762771 10.75797067124414 12.62826254308116 16.905995023380655 12.519767001903094 10.214872825268317 7.938066946082159 6.280679966070862 3.2145697321794118 0.9118894487670663 0.6454246378696472 0.2751452951302337 41.814468938473354 47.41975384808026 54.14829542301926 61.76228346795143 69.09366950697724 74.94705756630327 81.76099273969876 87.17568290185007 102.03152735758107 116.58180080202698 142.49999332776179 153.82085065335878 163.51318489814096 173.12182909467646 174.3645431389823 161.41860689056034 149.81181477476375
20.604267728995595 14.693199637386012 8.116642110353743 2.4862630543210433 1.802479303177086 1.0062675326093642 0.20538771258096394 1.6331200322753354 5.821607144105707 8.533488030545898 9.840301126856842 8.920376322272594 8.008857713594121 7.287167969613298 8.81081855720419 11.604979219770028 14.093548665018888 11.78862711972362 9.470539931085922 7.190967311695381 7.145637582303286 3.4765617260731085 0.44195451663198687 0.42554034682210695 0.4728698034032733 0.24870942953928016 43.556299390985075 49.41948828053214 56.01055490520877 63.51698901094286 71.95982512250853 82.85502725872028 95.44864115576743 97.68199849922841 114.57599534106666 136.69364841353416 149.77238837072318 155.9199815158765 185.33507954601933 199.29811980506702 205.9737439775731 180.70900923027492 166.02621251272612 138.8134294996441
16.63389577530523 9.929859914062098 2.6935581033121356 0.7788514912400841 0.8000538096541869 0.2927839661500737 0.5333648111543622 2.683303350923006 4.943889856076896 9.091337631178986 8.646970478359696 7.60607362704143 7.061860091433084 8.369554650776774 9.211278992063361 12.551800844802843 9.983730807658395 5.616193429224481 1.5445675450864085 1.0063308720959625 1.6939506403950915 0.7568151786650178 0.7078034529116097 0.0 0.0 43.0942449588335 48.14852975549009 56.04137391934448 63.286712912192364 72.98979871248626 81.3769453951126 96.74603269178313 104.92119035955938 124.71734415039398 160.66129959219018 160.59596701288567 172.52046854002742 215.48156039737884 239.17165485301075 211.147139017924 186.09191765306034 173.3125785303289 127.61917465319635 103.10669607588224
11.123722657728212 2.064569159299642 1.1478726780653923 1.1187868751389471 0.3435788110471779 0.5122378615452162 1.1078142901054149 0.8974226695225754 1.4995848290818476 4.240105972611274 4.27089506019893 6.917885258860474 8.267993974838097 8.199328027826438 8.916073392433459 7.000097888297285 2.232332431797964 1.1258199785647756 0.9651808219989062 0.09890378775338728 0.30332802544084164 0.05941568302357932 0.0 0.0 38.82115496934399 47.50571333295131 54.747370331537255 61.12396322627519 73.42155942291467 81.54104650335212 97.25878795834954 109.96429984358936 124.65117547574668 143.5974060833982 149.62015937719258 168.58826361680244 194.53569514687237 209.79430902759523 209.4421441939196 183.93685961341467 156.83368446668686 124.70579112019352 109.47475749669974 94.50056354473837
2.1284690306460905 1.902757170868854 2.2886706788663163 0.6426125865210383 0.3446461537899268 0.34994682690525314 0.7315514520068352 1.362208901922548 2.024888739972482 0.9787073468105886 4.14724586762182 8.702032148675935 5.6233290406829095 3.4307312464229014 2.128359277047821 0.6382336320473764 0.5993306031125727 0.24312910169385898 0.2830611455570227 0.2994563544517528 0.3875845856108951 0.4359485379508656 0.0 39.58169488952487 46.32601384621134 54.8940099786732 65.08824117689016 77.3821211511286 78.02773049320368 96.3898328500723 111.14891420837627 117.10334411143924 127.35404686205777 138.01914830765284 156.75893408145078 174.8023327471649 218.30451785839858 210.6081539415147 179.3743911641225 161.8105857515847 132.7481674521273 115.56812198515817 106.8712924576475 115.52781685318764
5.451752452718257 5.205126763273221 3.2022369249512526 0.9907434783933732 0.054942531912595155 0.4249418799063792 0.7045785141747387 0.4410136558262099 0.8073581379259854 1.5511680889355715 3.1271004033742247 2.7327117122142086 1.2061058887346512 1.4960327364303472 0.623313908189737 0.2372662556278822 0.0 0.5617290652566012 1.1094706595290174 1.3358571868109221 1.3380560381439257 1.389714125910989 50.83949450532955 58.56781215949028 65.38755190947197 73.07721960563589 85.08659374268763 83.97644062070565 98.48791823645307 106.51305962358727 117.24369323547147 124.17437203155805 137.66699859769315 149.5926064541497 175.92641663092627 185.98160546789413 193.68479258944132 177.86011628091006 156.57169925661637 135.86548448697297 122.56899610790676 116.65397672329408 109.57741567687141 121.17241531110534
8.661565241406272 6.6520134402092195 1.8060936564360601 0.3703412695449152 0.1565075249025951 0.06829210818430338 0.1514205584749554 0.2423413658168044 0.6269611543467133 0.45837075612077544 1.398346102493196 1.321020207548719 0.7675574369358541 0.0 0.0 0.5534103702193021 1.2458368553257322 1.9181976312107918 1.9796105560314117 0.7402079155680652 3.5239043001203636 66.15229107817947 70.79226661646587 70.55770558664298 75.54587545647101 86.43971040005597 91.28249933395416 102.17340108482655 102.89910975302934 115.82733357366972 121.87673603390847 132.66552921116468 140.46488839330584 162.32254968424522 185.98720372534387 190.17546797388414 192.21358427743561 179.02638643114398 149.67029466400678 131.5340530926667 115.95216905922594 113.31820502602095 123.79898892149492 139.4126422733163
9.334097191602973 4.292931850473162 1.7915389915428357 0.06114494527025341 0.0 0.0 0.13201945022262473 0.19235361095273962 0.13297616204482746 0.15652449017390793 0.09201066856489075 0.0 0.0 0.0 0.7317730407085241 1.104831650288917 1.3208853762510868 5.031521547250197 6.011649394043736 6.472045910337588 75.1579578717191 79.02159878505708 84.7308648252848 87.57929291816978 73.81180229166783 90.97169564537495 102.90046317952131 121.1855527524751 131.66834334767142 135.4522736843287 149.57228523956394 157.76037364318086 172.6492779485972 189.9038784720839 196.87099575957953 205.10114411371083 195.34257825067007 169.00783037605825 141.65644395200553 117.38974429023867 122.04018539873859 135.61808947138678 140.81442397175658 165.6559818029113
5.747842507765386 0.9985741693079266 0.3595135801106743 0.0 0.0 0.0 0.0 0.0 0.0 0.0 0.0 0.0 0.0 0.1742926295590956 0.5823437958566707 1.67547548271362 7.95935806478835 9.755155800968849 9.171108363054785 73.91344279834806 84.960198128693 92.52187478868123 97.21707856949034 98.00290553695677 89.07349466109238 98.01718637556435 125.31680582229073 140.27424315483555 150.52026437568347 155.49883923438404 169.38177521215422 184.52617026801883 203.52557405822625 212.64780548704678 212.88643454924227 193.50536676846156 183.07696918127772 160.82391033861092 141.91497692122837 133.98909467807457 135.43114999807153 146.58434966901535 177.0513971900546 220.6262023976531
2.1955206962295684 0.5251691928969251 0.12463849307340265 0.0 0.0 0.0 0.0 0.0 0.0 0.0 0.0 0.0 0.2269084491409708 1.075422318737939 2.5147792448411086 6.2877401913122375 8.253877241694157 14.093093439993385 83.01000265533646 92.62015408265599 100.21863512799023 115.98891363424993 119.60946101141563 122.00663947033827 125.24283071191398 135.21886702111362 145.83321097945142 154.9113549700119 165.5371790464411 183.30269202993233 208.51872030588578 236.72864018288328 243.40400808839502 230.3204448704148 213.8581867622389 188.58786276897956 172.06400726024506 151.17299426225915 136.79448690274435 143.98386026528635 156.0017971549312 195.18858689289942 234.11021149205428 253.35464210582413
0.2451401414669855 0.05592577201772514 0.0 0.0 0.0 0.0 0.0 0.0 0.0 0.0 0.0 0.24731635150845385 0.6816573617058077 2.4895494488045804 4.854099245266323 9.42322658334328 11.120235099852207 90.60216739996126 99.65874658180373 106.54454296310581 123.70559468396384 147.7857179151654 134.22458776115977 143.95413739837014 155.2255435127656 158.04916820794202 168.71135624889396 179.3699563900824 193.67382916609301 195.13850259617038 222.37699463097675 238.61649596768916 248.23824053104443 237.54089825548317 227.94615264897809 197.25857843711475 163.5170371615305 146.35310045361888 154.1170091317787 178.2327042959754 215.39074981281615 270.7364883657667 276.9949218670263 250.82099854080397
0.0 0.0 0.0 0.0 0.0 0.0 0.0 0.0 0.0 0.0 0.0 0.308751088499899 1.4070578541006054 2.042763948435357 4.198945594857567 5.781245413193055 96.04846210398163 103.9660207783524 117.14975948473256 138.0711885287218 152.3397001795027 157.44956681088374 174.97244016857746 168.37693557827942 174.51563749326885 190.06916778213935 191.8912782090053 189.93385689482525 193.20381336095346 201.60636670987395 224.7169859691443 249.37972015893536 260.083816595569 283.40411154646506 241.1963464012861 196.7420202291974 183.37466316560938 175.5329278023426 193.44193716312964 241.0943718220638 280.8380700798399 290.66369938103065 272.4228386618803 256.7500047431547
0.0 0.0 0.0 0.0 0.0 0.0 0.0 0.0 0.0 0.0 0.1899994259490533 0.3015152142574174 0.41359624809043904 1.0292334892744965 1.9395854841399038 83.98382437387241 101.4963792038724 114.67573440151243 142.79109653347703 167.43141119708625 185.5030008976656 204.7495103813987 205.08038408826908 204.61435197282836 213.94873470374694 210.40833535634175 193.68162237347815 189.42274309538877 199.32571359104057 227.06898256806494 248.99290535756498 285.53576106293303 297.37342682080714 250.1878858458139 216.23486843747472 203.50290481151757 197.2155612377271 220.7533959446435 264.22267930585974 279.1692449828779 292.99741034522197 297.57142941299105 287.43653038367387 266.63469507187574
0.0 0.0 0.0 0.0 0.0 0.0 0.0 0.0 0.0 0.0 0.1727591384374271 0.06820251231406195 0.3725514638605764 0.4138749836943152 85.3695806732619 106.9011978995421 126.91648921438136 158.71058419737696 191.87505444963233 211.2231510573284 215.96051896265524 224.49087911628123 231.9825735478007 231.58602673398357 228.57317992615242 216.55451769014158 210.28966644145441 216.48316765404837 230.87555643550556 249.75654190111467 270.7984845600623 278.5272482622372 258.27733857150196 234.04945987425103 225.39293448107586 231.26529656209365 262.7296713593675 281.0423978669891 284.0388298343891 301.51987491736094 308.4569639954921 293.93168044231646 266.4359351798672 266.7972948644967
0.0 0.0 0.0 0.0 0.0 0.0 0.0 0.0 0.0 0.0 0.017025895998073033 0.05953343622773325 0.07292525190781553 94.23756703073897 122.14748696611001 131.28230780730195 179.69314269747886 218.31846002469706 226.56349232306496 228.8039935129843 235.97082412407946 244.878117978212 242.55679415757965 240.8320399402237 230.8138192911183 226.76774015868082 232.26280408125658 236.15100602791426 248.70711751042208 258.5910774025776 258.3527275904001 252.56088607208298 253.81392349362838 256.4824632020375 271.6365273487307 281.03080480580655 292.681553451285 296.3961016589836 303.86935567705785 304.530425393364 282.2099672768601 260.8169582554297 280.64900475825385 278.8947571653726
0.0 0.0 0.0 0.0 0.0 0.0 0.0 0.0 0.0 0.0 0.0 0.0 91.54318376804835 127.66282082912095 157.7754924381916 201.72661817117498 219.57680436120924 236.91238294699934 242.089538326761 245.8080274728809 260.6900541616188 254.0546684079166 255.308229618455 241.49603637421643 238.28332820922125 243.36507325856635 242.40534061507805 244.78070776523472 251.72813339769274 248.15037660398303 243.48201365185736 260.9686916788809 272.2005088701855 281.3224936055882 296.9483599781427 311.1076877753815 315.31434785813724 314.36321778205377 308.8365256862311 289.8565859479016 289.23267233415066 317.18697871919176 306.59232518526676 291.8811881016916
0.0 0.0 0.0 0.0 0.0 0.0 0.0 0.0 0.0 0.0 0.0 111.91506168586737 150.17701368576573 189.12988464203693 217.84179120202012 246.2153056869403 252.49840736470145 245.0778663722818 234.22354273492854 242.99739116595634 243.42635136845155 243.47474594019536 242.64318226706803 241.1437924339018 242.40535014548382 240.47465880025334 238.2907916835957 244.18682066012607 242.75860673718373 236.14665210801803 261.0874521153629 280.98874527352996 290.81511231892733 301.347313017008 325.32262797480337 337.3233652252546 332.41231675993976 315.2740044114914 294.23376616916465 297.1290652090628 320.9229057625404 315.18195657026394 309.3427428086579 311.73011963056734
0.0 0.0 0.0 0.0 0.0 0.0 0.0 0.0 0.0 0.0 137.59260671194707 167.2000457165012 194.7771279407688 230.52312423138517 224.32096370252023 221.51333786169397 219.18115176936686 213.21853376306822 200.4343579194264 206.2545835587632 229.26501212725492 236.7973911719869 241.09865907295847 244.45357894166588 240.94385632815005 236.22579944108566 242.5774276598656 247.18210749985028 248.3317734153251 269.045401810009 289.7634717427037 297.9383586930734 305.5653607443426 327.25130436716984 337.4183335285037 333.1680357239483 325.4147238642103 310.29996861658566 309.08273122550827 313.110463253059 317.2693564763482 322.9414961224349 318.9127172749776 317.64479546289897
0.0 0.0 0.0 0.0 0.0 0.0 0.0 0.0 0.0 151.06135867941822 165.54862779806075 173.75689809263167 197.88506279856372 228.14823009253405 202.66654677329075 203.7010398241482 200.888379204617 197.6125661347809 205.12324583170238 226.11525766691776 236.08641051871962 242.12201337392526 250.1400264272751 254.64634136238143 247.4757904721698 252.37744121126394 255.8589375985148 263.6870830022615 274.6148557831294 281.09272445378497 296.98734471932 311.1487441329607 318.21819211157185 327.55189029546443 347.21621794588975 337.70255464284975 325.8227433560753 321.6604223979891 322.6607350721576 324.00142279587595 325.9074386097469 320.5573636485678 308.69892984447057 330.1638085061514
0.0 0.0 0.0 0.0 0.0 0.0 0.0 0.0 146.08803669544184 136.61829654067563 156.49929828661618 173.107743856532 177.14374937000576 170.1199947685653 187.91272620370253 196.2658592941765 190.75551722407707 231.14409745653631 238.32389872301002 239.0585005243238 242.8208040437752 248.85548800608683 254.8393574210145 260.5130880518608 257.7311815920999 259.3996020018664 263.62319865154717 273.1769303765872 284.00917748793876 297.78765357349374 306.5111976622235 315.0854695214025 324.31893288924607 333.26042511646284 335.5096284099971 331.1325082344111 329.6846884261428 329.8270398025183 328.7373492687714 322.7465635524338 311.73614569766073 294.41423245484174 300.1822279138937 280.3313642441385
