hw/01/idw_tasmania.asc
NCOLS 184
NROWS 101
XLLCENTER 505061.47
YLLCENTER 5258336.13
CELLSIZE 100.0
NODATA_VALUE -9999
[rows 60 to 79 of 100, columns 132 to 175 of 184]
122.85258012557541 98.40983988165057 89.90520078023125 86.61603239743063 101.27790462588449 113.69710337370368 130.37154159672195 142.20982119271787 139.0852210293167 136.77539422971208 124.18866682458595 109.17903823864138 97.20105026034494 80.0250880320004 64.72686372270178 70.62858540392229 92.0049433003764 106.57031209229629 107.85247961092978 106.96814168351864 108.76397700560177 124.86904630172167 145.93394575431952 168.47822802384547 175.0130359323509 186.29089420709764 185.44996562996155 163.42640458646036 110.67615554511133 68.85761149177989 56.118257043256136 49.315986844309464 43.696209923247004 40.20611688877128 34.499225169188044 40.20120044138526 52.470993366961714 58.02674389640056 68.18619555656879 85.25049516133745 102.55136069552898 125.71659578005698 130.27665896043584 157.02032186741897
107.06710613558842 96.55891844266844 100.08381394468792 110.66345309794295 114.47505843115357 140.90045210348606 153.1081727685537 156.92600570506386 159.29181843383628 150.7994984316774 118.10918428390349 95.61617956225516 85.41842322519213 80.39946119940335 83.77620524281167 94.5373656019997 102.03989273779129 107.38170864932296 107.83491643327046 99.49718626959378 122.8661049733038 149.19642875079407 166.60614321393894 211.1466825598608 198.1840070700056 182.17516996313026 146.82716697526203 105.96936284024358 72.78950453376339 58.232111802051875 38.49257248325318 39.417568698029115 35.1767930475926 31.76162704057502 37.10067819245678 50.48190629943452 56.338763015330564 65.27713544913301 76.38718554525721 86.70631689460534 96.10792657084816 119.45693801159298 149.91073533514734 173.37933394577888
88.60163604926672 100.91764057084102 114.0847567584889 133.49400562867612 155.6779120389833 166.36207270776717 193.1152101006211 177.49416287770836 159.85303006136496 130.4145045658037 106.4154837347748 101.47763765614287 87.60891209193952 96.38019961155385 104.87273827049992 109.38296513116946 119.95867129860147 112.51023174359348 96.84008758230927 124.54970304991862 147.1451277506727 169.47717402896552 190.58176660976594 194.79126033929404 172.77853366502373 150.80001049492705 100.71403142865552 72.46498865488513 58.924295501643094 33.554451922238094 37.076828638403875 36.86397120744842 33.843639046983 35.66839072616169 48.918821327670834 55.090964603589775 60.855291227205136 66.68712300027441 70.44968698327538 72.79725021005531 84.28175574414009 108.37885449257038 109.06623109736023 147.25041648506502
106.31172394539702 119.72096641124915 145.00220449156694 161.2091860884017 166.9671365329416 183.68303271713665 180.3406599956311 162.1437363008195 144.34254239225424 118.64141281212181 101.31356078101456 95.0269012374006 103.0036347690966 112.01334257131393 114.69699208872439 118.79803140931146 106.29428207283829 89.32694334895965 117.29768227018023 138.576654495205 150.22696989109366 173.8117384128926 186.66459310362544 184.81837491413853 143.18518006441226 89.38023486041625 53.40135890852577 52.00879566230731 40.91845488524332 39.53158008876241 40.57474146778065 41.05765347154349 44.008704021541924 49.33753361416735 53.39820458141579 56.564206940099766 57.43748312248425 45.64282128825524 53.5580345234869 56.985764819151925 81.4945290409268 92.53265587768762 122.43982208637564 126.43012340502226
124.04525989768365 146.34536650304858 168.45568175382846 168.6458714022072 178.66468617087614 184.0542657709215 180.24010484735808 158.17368710395567 134.7035514071375 118.96798202527825 108.09942307773598 111.70609396350736 116.0940257596511 120.89870222011488 123.8272639938802 115.77574249630327 107.49603999350167 105.34616011578409 118.1167999149345 127.77167878787897 146.7370695732258 157.17347449163867 144.2929679286657 113.00531721375306 79.2373019736076 49.90463228990489 49.05813061719082 50.18752398072278 46.51481824230345 43.96889506587122 45.07589851235971 45.26703473984794 47.50753372844023 54.95310305238595 58.87881048278753 58.65858969583027 57.06684988393149 56.008714163775174 61.168003356605894 68.54120913881965 72.763729053143 75.93968144596587 94.36673323360058 99.49448042857446
139.5300699176513 162.09296880991064 176.5181667438541 186.77616032496587 190.96707115460717 185.24065939585347 158.25796917149484 144.4459964047508 125.19106505554436 114.31014612427961 107.88983274270082 116.56741747121326 124.40616117758078 133.27449645374205 136.20337087974306 125.54396071348658 113.26296473458201 116.51004660105359 127.46134162734757 130.88414364015694 141.12458817494937 123.22719771750369 111.5693348002974 84.20335811864192 64.92596110102953 57.065467722212794 57.27233169127274 55.36762945627866 51.48940704761863 51.5585781183452 48.46303501068286 42.64776274160975 57.87160100789251 62.62559482889662 69.25727314459812 67.21758067235973 65.23634011583253 61.009498657593745 63.31584002726344 61.012125536696665 59.849418022378806 66.65541263021807 84.84102694514304 82.35005375672486
161.96717870776115 174.78486109888388 199.63379812885972 202.48670527910974 193.50717149840006 170.48234333533 148.72042550709696 107.38711834382276 118.85530863032761 112.99580657659898 121.49845710517974 132.51083708424684 142.7442831008143 157.07881949540197 146.7738212317564 127.90017428270544 138.48067385098875 144.7087153525454 147.93920257993014 143.98837682489128 121.89233318479351 105.79129631034255 78.78891642057644 71.05038855081521 55.88736912190976 60.295212212466446 64.70194134857286 68.1509060853123 61.78344665644479 57.72595349867277 59.34888106346451 64.18241942656002 67.3165784025789 78.15955367750094 72.32419239046195 69.12804681658639 58.03249587755623 67.08749468458203 68.83286929112717 67.27418644362437 66.25182092801293 64.62371951888646 63.31001571279126 64.74865010538181
199.85848861964703 223.6521349562795 215.61529188216625 196.89085670751635 183.64918524718937 158.79575626242607 132.47775075991353 125.25285411564695 124.45739059726233 130.4099631128279 143.08107919427172 149.49209196533084 168.28717578629488 172.85398614413856 167.64657504527696 168.22617418721023 171.15398587815932 179.61035028137564 153.75433486977388 128.47960631830983 103.75283780056724 83.56858455031136 74.42933582091834 70.83373002218887 73.26203612796313 79.27432714087563 82.01946287814299 78.49399589120459 70.14353066257871 69.93406806310232 72.01747652520159 81.07011252243282 83.39849139447031 81.00537559154967 75.70043344856072 72.00376185727922 75.77283760490337 74.26787118080688 69.45004414974774 65.78226596220924 61.41634058826437 55.36932813353941 64.73549293080569 69.76202664828946
247.22089445616325 234.66799571352453 233.51009752313774 175.48866410029197 164.05583953366263 147.50146983716613 141.83100621823064 129.1641304896803 137.49241835651412 148.49086893960038 157.7660018705166 176.75704090449307 182.33372618309576 181.6919767460307 182.15747783067505 180.74628305339007 186.98439601267953 148.80777469934995 128.7809524782198 113.41800618460694 85.98498851744607 73.15295391136168 66.7836659218335 77.92943754259726 90.05512309227329 97.18434494767764 90.90855128581636 84.96963324845896 79.75179671551761 70.95322039144709 88.12245509093935 89.15497399480057 87.98841161752938 85.3823328334141 84.11573324641975 85.78721836095808 85.05325546052529 77.15721051777801 67.49294941248452 63.7133522259661 61.079994002177216 60.9630497754283 62.53150259989249 70.91702903810979
238.54367774569002 235.88878474859854 197.42258067430618 148.04591812076112 156.59119642314815 145.25189699255657 139.4164449049281 142.3060225613476 147.59603708997577 177.15026780797248 203.3792480727463 200.35412758916002 200.73689303475876 196.75628482597602 188.65362698660132 168.31565731979975 139.88182281336384 118.91865072581862 115.73960233778085 94.32032640144749 82.89462994653884 83.5460530337265 92.73001920650614 100.53802918096686 102.22442092988229 100.88358337989452 94.96376146273055 81.4306696161037 86.5856471222132 89.22913313972069 98.24548022903357 93.90102539305983 91.37139896589225 87.81655713410451 93.05982825315958 92.38977110930259 80.94059049713111 73.91990584825939 62.15639470828816 60.58341441954633 60.917933621409 62.62171795660913 65.45259325707192 71.48016185238956
235.85030285612854 209.61005294133048 172.55849661632698 169.5776727285138 164.95375200567145 159.18366496297622 167.27382877305567 177.0860336086574 207.21705540604478 239.06620903778725 221.06824139721743 200.69069439012995 193.61343402801344 182.428296821106 153.21886519975533 94.58812099547738 122.40725241996853 112.15947349449837 100.93247906449093 97.83119354643556 102.09761011636006 105.94792470669103 108.30886824198167 105.06165193001046 107.37143124391784 104.07217255050004 92.25508031377532 94.35517766268741 94.80383409308435 95.58935021482564 95.66504774917067 96.11390838474408 102.341096494107 98.30800145804868 96.64336624989602 85.64101779688927 78.02991556183932 66.9567746958165 69.0085763132079 67.73806924007249 64.21322634232017 66.00395803972772 64.81571268437683 71.09878992634249
232.93936233753786 205.97932531825455 200.07903562333814 197.6689724718086 193.21139600385578 202.83499063457012 215.54602774584603 223.5863176146051 231.67127135671225 228.79617485331664 204.48833169131558 193.78526028318308 183.75210964151282 146.98698421025722 118.694901581648 114.91680173971346 102.48496569719136 98.72740931610822 101.90233652146327 108.92447045146365 113.61804387298737 117.98912235734973 120.05904224300447 114.60106924254026 108.38691056476836 107.48674548434953 101.73143133024901 101.61714340396861 98.59997129692337 100.68556291318035 104.27766298722636 110.4795579674455 112.93643899179652 104.38747987752468 92.71688982847047 83.30876518992123 73.4756941120611 71.05722337117123 71.55340266120207 70.5978741523572 72.33356980458112 71.11168718926048 70.9359631749605 69.92214877001733
246.6097296573034 244.31269617670378 242.40393684700672 237.3990852832456 242.67330737721144 238.08220123614163 227.3289648949235 237.44466069644457 221.92758951106376 204.24914871557579 186.7206574120759 148.1604670578535 124.37750389100225 114.04962823204681 104.75384890101085 96.62707636202973 94.1199134125331 92.19366869414377 108.72649643442666 123.16670609510078 124.96925096840492 128.40817659647985 117.92853009660185 123.6627798898568 115.2427726037044 106.52476418817193 108.36319034353917 105.88113333796218 108.636943797734 119.37043239611731 113.20990223270141 104.87474577184491 99.45620364896848 91.54179490924847 85.81893356866864 84.95877430656137 85.85263260543397 85.6385078633806 85.39528076789746 87.06481818058012 87.84547279256694 86.15149381528546 80.99911939819683 81.89436806964441
260.9465248891076 261.40846985844064 266.7868572662616 248.89884884275168 239.5490555418204 237.9752503054023 233.7425420137343 216.59422167434172 202.4113592441408 180.75082794378386 145.7904979161418 106.21219466373181 81.38392547193156 84.51081755138497 92.4358859377042 88.52596835892787 105.56985702170452 110.38215259956549 117.34758312853421 123.54327712095622 129.4312251074017 129.94388979897627 124.75255439930486 119.86616033619009 113.45066807632735 112.00882415938725 114.57186939655065 115.07887468967546 120.5953389062328 112.06349023271538 96.51081180680617 89.43647322366553 87.55370483888925 83.35943482923683 81.85408743122728 95.77623326458823 112.64154575393971 110.7356777476761 104.61542423458326 104.56078534117562 109.51416044236483 100.64919497003942 90.11615174843301 80.1268579847977
279.9866387359298 284.491147266017 276.37870414134744 264.0818045121279 252.64147019500314 235.14695215065402 217.86386424292323 200.0969336973188 176.99946070337347 134.69307065477503 94.97025050447688 68.20368353989666 80.85869464711526 94.02881979576281 105.50287949536477 112.9657735730263 109.99349767008763 112.39555689534795 131.0051620201389 146.8835674495611 150.11892802986034 139.35202670687215 133.3878921099216 131.19997103794893 131.02865280228156 128.93514351439003 121.31027622883899 111.00459852706284 101.92249979529751 90.52096099289278 86.1103700844224 85.15984085419842 86.37257817634801 81.59574742237632 100.56467521778487 140.0647429944645 133.6956676503404 120.98692099656012 124.43256939651688 126.90938817507501 119.70524414859996 105.65639467946804 86.4544153049021 83.50058911989389
301.9688828754961 306.52508707521855 293.96114357760376 273.82147763114386 245.81329994345518 194.59478443157906 205.51384737750456 158.37495506419032 126.11136298016207 90.47970224078767 70.15795221074578 81.6655692689283 103.25874661751564 112.24015712259789 116.53494835427874 114.37040700734681 119.19466149620226 134.37287458907338 147.39202286163632 149.88370681351435 149.98555039961195 147.53400321108091 149.09310372885068 150.79295574335887 146.16517714795785 132.69862461385304 113.57577211246519 96.64682383570327 87.142756927567 88.14954283120407 89.37026838389671 92.42488983321289 91.30990419278702 104.81775928005864 136.14336645031605 138.0059709938051 128.14621746666538 139.133915413165 147.03664057986126 139.07884822407757 129.21404413076672 113.25783949203378 101.78822327308748 97.35491840150512
315.9628161816828 323.8861975016518 297.45236167376936 260.00616499159594 224.9758742793737 202.18911617002894 148.86201020715504 109.4280579855876 92.39060781145596 85.28748532460686 86.24791943463913 112.44912519493083 126.38143105987518 127.50319927239991 127.78734767348472 128.95407640458373 144.0491120671018 151.03473867447383 156.33716662384975 163.30400201883367 165.88636247661893 162.36695387497227 159.34901679535005 154.97486575330734 149.920996984858 117.2381362056273 99.80328963970568 88.52343727292775 94.17596044148645 101.8607442637475 103.53784662966562 97.30269249204477 93.12914487698946 111.86495950887209 122.80882776178481 129.85522388443837 140.30909246411684 149.15066124052007 151.73784533344997 146.23110744415916 125.52867711355995 116.46246075966106 114.9661945749521 120.20808691170704
311.1859194515726 292.47375355410577 256.53471752383933 223.16000994726915 178.85020345778764 156.71886759952054 123.57296205276386 97.30703308157304 79.54601996088414 104.96335093453527 124.19352179980137 137.1436545183313 147.79940340697024 154.99860305729035 148.96086993459895 158.5984446046889 166.01321303707147 167.2635694650713 170.28997153141398 170.22540668170848 167.78826043503304 163.24240023709996 153.3520966706941 137.98899526970456 122.9237162853192 105.6719050180802 110.05664010909119 111.10163325911226 110.9715963389798 110.01485013981274 107.43352352504739 97.96924109970291 98.81517404305208 113.43615523623818 124.4058012189036 138.41802860374264 159.65381437142418 159.33345228459228 155.6163006611501 125.53618329666273 116.65346620641054 111.48882617678156 127.36810926650368 138.74646343366774
297.1479197642222 259.3431207666868 213.79755213655184 164.6494407521244 150.29130749989724 130.22390699009085 114.01539469767566 111.52561223542939 125.61279672294091 138.17788745579287 147.05828887610048 168.09713247990146 158.7204619565674 161.02465374729476 168.65626556468277 172.35409173720322 173.94182746852348 175.54832014754197 171.80229776139223 171.39241551352146 163.3145181039071 149.1009212555272 140.08489905058758 134.51264752803542 130.16237185717216 131.60866641220068 135.8123403333606 130.93139692096412 124.71344357657065 121.0389022272322 104.13280834813321 100.50834432445642 111.91438368917946 122.21843878370628 135.9332511444755 160.781809996809 160.21665859929865 154.75541118534633 141.73200391202073 127.02395989237444 118.71573625730984 127.35143937730994 135.60974427376038 141.76126639447517
236.82670708677875 211.87903425966965 167.2783531619819 121.13541198677831 130.4056350315077 126.29904354789473 125.2661607309169 146.79516073480036 155.65569275270704 162.22272844413683 164.5746554924421 169.95295768999426 174.55747906522677 175.91902015644447 177.48871495784798 180.85689660723747 181.17987027058555 175.85919652074344 173.9483481815713 165.63893245088835 142.94156213587075 131.878897109735 141.56800607195137 145.38492211702766 141.01404599733584 148.4105629269484 154.39384691898238 136.46423193960408 129.91460966761505 114.39972947272308 109.04710682965245 113.09624785397784 118.56574993917343 135.59707610613106 159.80626827756132 157.58827152269063 155.39728177064657 155.21427147445192 129.57312926849056 129.39749740780601 139.12324748025586 148.38243089382587 156.14280327361107 166.19080510061013
