hw/01/kriging.asc
NCOLS 50
NROWS 50
XLLCENTER 4.5
YLLCENTER 5.5
CELLSIZE 5.0
NODATA_VALUE -9999
[rows 0 to 18 of 50, columns 0 to 43 of 50]
-9999 -9999 -9999 -9999 -9999 61.81144583272791 62.59036468542908 62.41490013780437 62.438092061239125 61.685337141411324 62.342373964133984 65.80891044264237 62.74312275964841 55.056204279095326 58.91836280553454 62.59798851864228 67.51624165941669 72.23489661763963 76.0891379567318 80.17979700609789 82.07640117995233 84.24689421586862 83.70416778432742 81.6445917461286 77.80779738258113 81.20940748283851 80.65680261406483 77.1597569076282 73.03214702477409 69.84010245734706 67.07260943588493 64.70715391468349 60.300143523794546 53.832332840348556 40.71807046819317 42.67002556315876 47.106385202378945 42.225252864443675 36.70140486138018 40.075574488050265 37.66669085463214 37.10627034631794 36.32607577261134 35.40112019321297
-9999 -9999 67.7266604409392 64.40251811377505 61.82165686576594 57.09434899496239 60.48495715903392 59.59043518151835 60.266973403825304 60.2246829139008 60.47352702335703 60.58552143637539 59.978898263809434 60.5820729814306 63.23761332928456 67.23212146705941 71.56601445871968 75.99872551758213 80.03723552451011 83.06357054941334 86.00413763810708 88.23203547861046 89.6159966730868 89.56669819340487 88.65274865607262 87.16888022885804 83.52608977927864 78.99266537147298 75.72696203081115 72.83274929414681 69.55871194942907 64.252064979882 61.93199849007311 60.10974416863212 54.36307323103176 48.683869071994636 47.82667915316925 43.94096760727433 41.45240145653944 40.056544410641436 38.79666394451462 37.90562120863131 37.046235582137555 36.27558582525609
-9999 70.81509540984601 68.07147027201202 66.20378384964279 64.04061119948112 62.93130744391834 62.79468963761088 62.54172654807148 62.72795336480254 62.053365643037665 60.733842438370594 59.94380891974561 60.1078353775729 61.19622182874585 65.83212453154151 70.68436563607732 75.33312926169823 79.90579306050739 83.42744487908064 86.85049476875551 89.23221514334475 91.52323964185146 92.52642629964252 92.90700576552852 92.15963020707623 89.55675882029651 85.741285062569 82.6087418202961 79.27049076520076 75.98031459516015 72.55295094125333 65.6616788794438 63.23058499591417 60.91235891937874 55.67922549428457 52.333515906448284 47.799024746999855 43.9543286425265 41.46564651163398 39.95666959214293 39.67513398118165 38.95682113784396 38.027386837704356 37.333346665114156
-9999 71.80527476248784 69.07373481376065 67.28741323950736 65.56006404640337 65.80101614769478 65.93426568759493 65.44908725693354 70.66058092480492 62.9144381653274 64.98527802391797 63.350198705859164 63.66982696854319 64.65764277218368 67.05250888169446 73.8940966727441 78.73891338692069 82.87227839986127 86.36779783617766 89.48778103731189 92.03644967228814 94.00412884364485 94.87026307980257 95.01061165168036 94.18973018476201 92.08335996966606 89.35070422767794 86.44662925551896 82.78270235978366 79.14360005748013 75.44556835826724 71.30673372234965 68.3692850310328 64.49743458202474 57.9135851425311 52.379393256042775 48.29711390268773 44.8442013723295 41.93676518092788 39.28552710280646 38.70199444265666 39.959547923386225 39.16232651418794 38.2832684689974
-9999 73.01638841495098 70.03207986149044 68.36445188637391 67.36688746575041 67.2943728702173 67.52236990875694 64.55178040924753 74.63068786159704 64.14114148415365 69.31969302593151 72.3103819038256 68.0337482860016 69.93036887465438 73.03849085708003 77.38417418587379 82.46793805807347 86.6385274769294 89.90106864225638 92.66274213779437 94.94065689859895 96.86999232244997 97.60407213482995 97.15453182699298 97.18755992870915 95.73255975921359 92.74210429084135 89.51704188678022 85.72816914281337 81.77567693580102 78.25682249482807 74.5050526938227 69.7810122155982 64.58994648790788 58.921513894818986 53.668301193370425 48.993612155313286 46.02023528307437 42.93949174679647 39.814026407658716 39.064119920415266 39.17283236543868 39.33848877178677 39.039751530397446
-9999 74.59472102878436 71.17566521506801 69.4187373915979 67.44943390348179 68.26773628041995 70.11941843931207 71.89118167739569 72.73842333576181 72.57095329764208 73.46652313208097 71.61776027938691 73.03866322524857 74.59537141324334 77.02985347633268 81.37809848663626 86.11086243387916 91.61924318227035 93.33820774669219 95.6851508372933 97.78942814259247 100.2417041278876 100.36193835994327 99.89113721210144 99.20001874899762 97.97456453332471 95.16255464895266 91.80825960187245 88.13664003101303 84.2855419230792 80.70882741170269 76.7169128186921 71.01175887029883 65.14509541204953 59.753088478506356 54.304256353530334 49.062568056601364 46.788730438509646 44.72493816909412 42.51151355764541 40.916491374180154 40.3152603891987 39.80134501430608 40.2038195192421
-9999 75.32972308448305 72.9954013514778 71.39288810443473 70.2537658876466 70.81403144224629 72.16237446482558 74.53672515446739 76.20801400418706 77.19567771839647 77.5518121719966 76.87036491228767 77.87429336492175 79.51529751763204 81.79371966569393 86.06367280705946 91.25279605518512 94.01429107924861 96.17268021663817 99.34590446602459 100.45886338431268 102.40374261202768 102.99024099912019 102.270097502736 101.35801244583635 99.89535847951889 97.29574317629101 93.87292602264083 90.19244009643035 85.93547055280476 80.92214385589094 76.18515067317868 72.70004020649495 66.2736975380742 60.26122947485614 54.5768036384315 49.961832764401606 47.62824937967897 45.80150794355102 43.629546712172356 42.258619736684956 41.70521261347385 41.75965939238953 41.97047470590173
-9999 78.29943804796397 75.92687188613854 74.57536074043526 73.80991512268061 74.16147031082669 75.60606601794512 77.79358086202822 80.4442104033573 81.1626809278503 81.77260039901412 81.1581821952824 83.1374061380275 84.99388610746912 87.48690992548427 91.13172940332113 91.77614689863204 92.59371739147609 99.74643877391922 101.885802660415 103.62034374475441 104.95877790851034 105.44173522086872 104.97146964313464 103.66507688781577 101.7834825150286 99.71525720165329 95.63207705562952 91.21034345068824 86.70347941963828 81.4301356145238 76.66805005363356 72.80839101573609 65.8051102487738 59.86730633838646 54.66649294826313 50.695242634738925 48.110143948334674 46.855483432365695 44.948552953122835 44.52965403758793 44.157724602261524 43.81056274077831 43.95973108663823
85.21328859669279 81.63668871850714 80.03813434634641 77.97391463398804 76.91510543828807 77.8144574099528 79.87245570038851 81.07246387034903 82.78750084306324 84.87831484499287 85.50219286538928 86.69751385375046 88.43999418984845 90.8136425840847 94.04387611035399 97.06008413272589 100.60800299076928 101.90329332846562 103.29862375382089 105.42115411743194 106.77485067327271 107.66187039781354 107.92584886930736 107.25902059485912 105.64692296475542 103.073394992525 100.36086661310925 96.67748656995933 91.91548976922552 87.83204162110067 81.22789836493021 77.80475550320611 71.19094414077748 64.86033470693462 59.80032606484854 54.02548018116149 50.83779709378156 49.407063053799725 48.26833982634387 46.5362328599009 45.7914471960036 45.81147729751112 45.73476802773939 45.51589870355186
87.26767109105563 85.37441881978651 83.60020965012617 81.75298911067581 80.93882912337145 81.93674460380622 83.44676142195692 84.44178927220014 86.64384298424494 88.25552723877442 89.94582679452215 91.93491455891666 94.02549819851032 95.62748310344884 100.31760186729994 101.99645977672037 104.32279225815557 107.48396065306287 106.79117781553964 108.80894282079456 109.8658408268279 110.40606107504983 110.30298714110613 109.53500353992506 107.00847250814394 104.16287235729337 101.00275598435847 95.86253496077929 91.78990055550449 86.71125418161003 81.41146854621519 74.41697306288339 69.71608877929995 64.95373812400861 58.97951565264636 53.89199091458097 50.14457862364256 49.24837658486621 48.77192623102523 47.938232392582805 47.34612685734576 47.56555686337577 47.52281023446416 46.71420852542258
95.12821436697413 90.27945036797618 87.19228635554155 85.70558816877576 85.1782644794315 85.85825081332288 86.82793569042127 87.66175044111371 89.54673780957245 93.21172012540745 94.55906147623087 97.1307891774184 99.73504647539185 101.79890409734114 104.98378553160767 107.35520881121487 108.81377350108254 110.18915985263244 111.01848193978044 111.9997950378742 112.82953128383991 112.95272203547117 112.43954510802084 110.90135291950533 108.36840152445507 104.74659415063309 101.20327613381782 95.86002148356468 90.38627671260622 85.34779420768658 80.5636264786834 75.95468207568109 70.80923065730502 65.2913413460361 59.647124659611194 54.51045460255418 50.54469524154881 49.38591233668551 49.22253709314669 49.495395598306466 50.11985512318604 50.305144706603166 49.96680177641709 49.615488616034874
98.90803786350568 94.35427214972123 91.03655286826043 90.05488386572983 89.17086856068414 89.41542311492243 90.0835430683444 91.7119429597565 93.82937283605108 96.22018507290002 99.3701715183185 102.38172518958193 104.9786187844366 106.83438391623167 109.59781490909978 112.66467701891872 113.11829306896273 113.59696797567591 114.22362321710214 114.86778281564781 115.59094661798076 115.49206933666932 114.01290921070408 111.87571403582047 109.14623635808579 105.09838618951824 100.97322350152875 95.95105668919997 90.4506871439284 85.24117033440082 79.88880869741017 75.1722458012758 70.56638149424111 65.97867926423952 59.61232661363367 55.59298838876051 52.716527074822004 50.33925598278074 52.544193367678616 52.769067120459155 54.52216828513648 53.790300879293916 54.16152333031404 51.955103256255214
101.76771261133149 96.82547192542805 94.01017714306349 92.99649967283594 92.65292621593784 92.96857028073428 93.86862275311205 95.67966732440637 97.4824154918462 100.38655710426505 103.99123060996253 107.18247222212383 109.59373772179485 111.80590524221901 114.4270941839932 115.46350948383063 115.75347811876982 116.70633719652255 117.20564475885904 117.67469969315786 117.9172686138515 117.36082742514131 115.82302648528903 113.47270569669246 110.33353663223672 105.7108524444838 100.48373891608624 95.49223064361962 89.95234669336811 84.88145391302156 79.82976583034574 75.15124842728461 70.32548777170442 63.910936201453815 59.85755805417192 57.98527478102398 56.62130030154309 56.065986748592124 65.83325124208724 57.867859427371286 59.21473526796222 58.19344995175241 56.917318727079305 54.78477850359905
99.22937782775674 98.22012234313551 96.56781629760567 95.75847593468201 95.79324024709945 96.47734513178023 97.7315985687431 99.73040543207259 102.13172779100067 104.550562873645 107.95533103828515 111.28896777717442 113.48113229841346 115.20322254008764 117.19625166356383 118.23859857380859 119.00189979272778 119.87509028343794 120.28441509364924 120.53568032609093 120.57530228357646 119.71598029084237 117.59609049236252 114.425794928355 110.74352555861236 105.51508294864988 99.99296454980015 94.70703491683976 89.170973955552 84.41956948786859 80.16518513606036 75.77065106422347 70.31599891036812 65.89195189184717 62.08055409260696 61.421914088235965 61.491215825009945 62.16199638212081 63.13138244087945 64.05421012235746 63.30398650117736 61.52737489460108 60.092858029946065 57.67517477881191
102.66300551962021 101.25473270533368 100.69516774126444 99.86254196414377 99.64817181133706 100.21418115257862 101.69753768822552 103.81787699589144 106.15412248348795 108.69181735709087 111.72792276134155 114.53162718530533 116.78048375609652 118.6636703853354 120.35157047930241 121.63438314921453 122.56316538733194 123.30982386336623 123.80689431670037 123.77080118371752 123.34484730708405 122.15637858419613 119.31081992279917 115.45361706783193 110.72727751872897 105.7459102185455 100.27129849259691 94.62949484978603 89.17857181309947 84.4805042336389 80.59920575550103 76.67181918026816 72.68948639511335 69.55937296150623 67.57191586475122 66.52058102856516 66.691339315042 67.64115321039128 68.41068178077762 67.92788937621489 66.19964390032106 63.87844452221066 61.45315054273767 58.432779882435
104.9395408463252 105.46728914686344 103.83836807646935 103.92118262965153 103.79926539504723 104.19728509331277 105.44877924125213 107.63560182811739 110.05779912244115 112.50811317361358 115.24944799385017 117.70789991229968 119.82339991954956 121.80254049379153 123.54737660427422 125.09139027144363 126.14463904329719 126.8472266349864 127.3480591235506 127.22431502681532 126.23940518525293 124.17570784943021 120.1102857474499 115.49816542467174 110.39103865268322 104.74949626873017 100.06666072838334 94.41145687793036 89.8453602620569 85.88333089881988 82.24254844113153 79.02476266200209 76.20122047853863 74.15543582264314 72.81835695637702 72.01120172356705 71.87499910593021 72.55567842062744 72.674210486118 71.32246035960551 68.81715829798391 65.90629812772659 62.52119555338759 58.32614359673271
107.81426938885166 108.53298277201762 108.0894563452807 107.36880771737218 107.32802832366654 107.81519954670267 109.33698659373995 111.40205149999603 113.61345468298013 115.25572033158141 119.53386638906318 120.52205114886975 122.55156353864523 124.64828196477175 126.58830712470915 128.51421377882693 129.63464145412564 130.09264397124923 130.05579144322945 130.00933709332332 128.36733377486976 125.24237963359604 121.36591242747681 116.30653000735208 110.85475520017147 105.3312429496919 99.92010532836913 95.45358609085451 92.27680856532659 88.27134996039437 85.15734252730412 82.4413089617675 79.78987097285759 78.32322966870848 77.84743320982756 77.78322539071057 77.61931468955719 76.55879409977354 75.35598658812222 73.53165176112697 70.8542715456359 66.95803184600618 62.91267235062207 58.518174485404856
110.93946012698369 109.84497323549967 109.7712744721312 109.87464176983906 110.33012022624574 110.82956322306943 113.03622989625087 115.07483385130095 117.73539349976522 118.81615551217544 119.9437477423644 122.89306305665342 124.8211159279895 127.75444157741589 129.38717579520164 131.60114447652776 132.59146434846457 132.96536617948868 134.2036396011552 132.33587265925206 129.94750752860517 126.85633197613438 122.74373721545228 117.74903536928142 112.21930964147931 106.6440126873964 101.29989769825347 97.55040622173757 94.8643249774415 91.53477396599686 88.77433268046396 86.59708107649847 84.59413379128675 82.74388089559362 82.44373412762963 83.11594637197594 81.86222508663226 79.82677568810581 77.23395418912739 74.67854186648461 71.4933877967171 67.2921181559773 62.74116187943908 58.12840551845718
109.76223008083785 110.84324798103185 111.97859161904547 112.48979212863658 112.6622667736759 114.2891545563089 115.89956864402726 116.88464695167805 119.70981346466 121.5407623509026 123.08713043799038 124.45608704598692 126.87480192477581 128.99888945334266 131.5093417199039 133.9567725907314 135.45642061598718 136.02733889949812 136.898183788378 136.35552463391642 133.8527895275508 128.99140933724283 124.35762107543997 119.43104222469566 114.07266620162451 108.66670340903282 103.88128936133765 99.76964828623093 97.46646921917711 95.21936334289967 92.84734134011323 90.88828848554978 89.59498123226453 88.29455987220764 81.58315422254745 88.60101337216216 84.14557553567649 81.78535828979491 78.830861878765 75.35574132206634 71.58399778449208 67.31982633971735 62.7328455206074 16.671686071983004
