hw/01/kriging.asc
NCOLS 250
NROWS 250
XLLCENTER 2.5
YLLCENTER 3.5
CELLSIZE 1
NODATA_VALUE -9999
[rows 19 to 37 of 250, columns 176 to 219 of 250]
53.80004166140279 52.76946829099647 52.74281832526766 51.57785391966327 50.4562552029017 49.02188207919539 48.29363300592897 47.61689620520494 47.18645048264749 46.52553728628417 45.928702602879746 45.364595591691995 44.806603677490195 44.240319987428606 43.56519565240101 43.04863487334731 42.422352541628555 41.69940163802154 41.25211919975722 40.56402244303216 39.732166310047376 39.24723561397407 38.91313074117873 38.652295524040994 38.460296959243536 38.59852638577636 39.28171312021378 39.262188908743795 39.31872569850573 39.234375892516056 39.26565107272031 39.29349951445907 39.38789814630022 39.33393112404646 39.2611206046371 39.239957124116984 39.16885003104146 39.034671782639485 39.04080336226061 38.93097001684654 38.811726466841286 38.65477836102619 38.53309257153766 38.40499784192914
54.16252152653877 53.5349298645316 51.39414715243626 51.79317717565469 50.64008056942552 49.0787607980464 48.358436676535845 47.98570929482749 47.309883243364304 46.65962155989875 46.10066765123194 45.55234741636217 45.00944530390687 44.450998188656015 43.914185756074275 43.22262529303484 42.84057843889971 42.64528884021331 41.436596398994546 40.48202682193828 40.12039615367791 39.28617634704539 38.97113620830542 38.70480716472391 38.50946126664831 38.38513088843235 38.94366397396115 39.240075087430625 39.29888843839251 39.258864313225736 39.31449291985497 39.47611898693011 39.43680440749249 39.39488656199095 39.32726834299639 39.219610480346134 39.08478390282523 39.00643037904332 38.991683693908776 38.925499559660686 38.92473575069195 38.82325964483188 38.71626095715369 38.603801566848624
54.67229658454657 53.61199953549364 52.37990015108433 52.00054047114808 51.11158650213358 49.86139684670856 48.81298309027907 48.083124732299396 47.457517211813965 46.86393412018219 46.275282402998556 45.727930736434 45.21090705782417 44.678521961445774 44.14781910897605 43.429688620721265 42.833219653656286 42.069046170952696 41.28455554472982 40.77311518218198 40.37776044143199 39.36301807401474 39.07979037915488 38.89737772408227 38.81233219030154 39.327605611872094 39.07877576040797 39.05675167083114 39.27812261432207 39.319849912319334 39.53474160891996 39.53917964164981 39.50842286725728 39.362287596665084 39.3178858550036 39.23630952601319 39.20850111183437 39.160672785254405 39.11141321121691 39.05957507193912 39.00401792746634 38.994958176025285 38.903823050685084 38.807940625456354
54.85246840869876 53.781719622533245 52.68024252893577 52.63971061257352 50.63404479302477 49.67385111165503 48.87338505759676 48.22028897565857 47.60699781644522 47.02673022062028 46.425380580105866 45.919969371219324 45.40943409858623 44.900703790093104 44.24331585882792 43.667042153564424 43.068402001035366 42.48900016374276 41.63360704830095 41.04116818027028 40.59285334364124 40.29860345066368 39.198069527701705 38.99224260764456 40.34322495157232 40.257525380031844 39.2158810316686 39.08715141319066 39.12075374791822 39.50660835644207 39.46106410121768 39.69522114548898 39.505086054492615 39.45147637882735 39.40948255937443 39.36908571368028 39.31747775300743 39.2805403312419 39.24366186070758 39.205687752405595 39.1654685118008 39.121862046138226 39.099370820147044 39.02022932349798
54.86602387684919 53.175503576143825 52.80140714150606 51.99000497445267 51.16330896266963 50.05046780795126 48.99914555020934 48.357613559594895 47.73145662183138 47.17035176801354 46.601871484289454 46.10800334692681 45.61840648536046 45.02782242577585 44.48052915950245 43.91730407268396 43.333619336133395 43.11236173611735 42.18257458674667 41.64622703550974 41.147729282285205 40.38813196185797 40.81140783447321 40.71532367769343 40.587882263451036 40.45866990789919 40.335676567446946 39.396368862724934 39.38598893446097 39.48683392847768 39.62547134466582 39.64964923980437 39.599098043460785 39.5541788307189 39.5175075854659 39.484057861102606 39.459583978445764 39.415791129196904 39.390805350896166 39.366205495617365 39.34083354373239 39.31353708545546 39.30572501088655 39.30151353418722
54.46029248660757 53.362238950369786 52.30592149876822 52.42527926054706 51.423292080678856 49.89815560131502 49.10565067070791 48.46347872649752 47.88107654514016 47.334164834382136 46.81532445733138 46.30211153449762 45.82889364433489 45.28170032161461 44.762051538483234 44.22216065303233 43.9292438971184 43.027497997510366 42.473319175734616 41.9457806546858 41.45468198277005 40.939060111104375 41.78264315197232 40.66642443205025 40.40511965513385 40.179742990710295 39.99071932453524 39.70260702838311 39.73816623349875 39.824933010773606 39.67575538568897 39.761555221311355 39.7134967709308 39.67621776881285 39.64443996050469 39.61750314969806 39.603895194059916 39.56879413244975 39.55520678124042 39.543484196606535 39.4415538005235 39.47691347633915 39.50510986501325 39.51164871194577
54.644700647825395 53.54586416422694 53.51770575295403 52.42834966885869 49.39454432738121 49.85723654018356 49.12765367259142 48.473703673049556 47.933194429038835 47.42921843294355 46.95789161536247 46.48805521901286 46.00301727635032 45.52419824553259 45.18586793183499 44.69500642786049 43.87931947812518 43.32052630129914 42.65153038183881 42.14923387124428 41.68600295569873 41.268195806800755 40.90072002173436 41.16865435588184 40.73673611296366 40.508340669276954 40.31424331049099 40.19229982580692 40.072915520893005 40.05357741215559 39.92082405447056 39.84102819332508 39.85447352013327 39.82005120661656 39.79273846207279 39.771879660157545 39.768357272916674 39.758495415997686 39.73921189356664 39.60550000447087 39.65077460622165 39.692630655050834 39.72478702306695 39.772477105729415
54.8197227387467 54.53057404170919 53.575812270087454 52.71726005784532 51.10454904659879 50.31322385449185 49.23304574562994 48.66846909069801 48.06127907772101 47.591566196238205 47.13034108592041 46.65886885675038 46.243902841000505 45.86220696455745 45.40889808632085 44.92422723988763 44.059915917542675 43.514119673495266 42.987937802113805 42.49050148686963 42.029518971602556 41.61126663392878 41.24056427702193 40.80263545646459 41.22976445662438 40.834774295426286 40.543923718473735 40.54604223100068 40.45857011009892 40.31241988788618 40.178337216433604 40.03189432182035 39.9766135037915 39.98811145443799 39.96483667465072 39.94962075884119 39.94179668475512 39.702713122282574 39.74265773135918 39.829440821363356 39.8807344631127 39.92605247528019 40.0055058072649 40.01583756448282
55.71127311647686 54.762278293125355 53.564904515788044 52.78754471951076 51.198758504605394 50.3603700793212 49.64337378424057 48.74684054620648 48.230047564015535 47.74994265144559 47.29386280194565 46.832466950580454 46.50550900508395 46.122249900298776 45.64592914497794 45.16974384288093 44.38413173638746 43.848616010431975 43.330456339973125 42.838696896864576 42.38096265231667 41.963441233918005 41.49200541494965 41.15425034728772 41.543727452064466 41.18523255242022 41.00243373989731 40.88147051903731 40.72377841220755 40.57661570968007 40.4488630016354 40.25806609603642 40.19347478715372 40.18280011669587 40.163137971162804 40.153130181801934 39.84441627642533 39.9487190083987 39.99646775428885 40.082602927984354 40.21839056726195 40.25789412645877 40.28773129710242 40.364068117863
55.743979107673624 54.790825942469716 53.898436336445755 50.703747278291694 51.18449527550608 50.40982784952299 49.84443009865442 48.856896214965566 48.35368676469141 47.89513048320378 47.461787642318576 47.042956902824535 46.717067959809285 46.33641143250675 45.937487757011475 45.69561235996027 45.017282442758386 44.51992717540655 44.03700552384635 43.57226850903877 43.13467745731698 42.7311268931743 42.09673583748376 41.72507002698485 41.973865003541796 41.63091017289935 41.390850978565155 41.22551444296846 40.98769379157196 40.83293772169066 40.71575545682623 40.61874993410717 40.41056253657764 40.390585620642916 40.48050621889025 40.29662930909281 40.3148399652661 40.321852094053334 40.36629242154249 40.45155440180379 40.509859898196126 40.55607504987551 40.64097443953657 40.68095711043379
55.55454807424922 54.79540399864878 53.90915768540126 51.192978030026815 51.37274285762721 50.608924052118866 49.90959642086619 48.98883373627673 48.496369419380244 48.053347612078454 47.67674178263235 47.25235355254008 46.93119884839305 46.55781699108197 46.15412471116614 45.747072746672686 45.22113725602208 44.73733337530981 44.25913655685403 43.799868218458705 43.36815980380582 42.97056807936296 42.35759807497762 41.97823982386327 41.68209983193256 41.898533189702185 41.51842744910372 41.472985142547486 41.28201615729956 41.14678064243226 41.022992725093374 40.85430071835625 40.70854282709243 40.66825828081476 40.64619984180264 40.5913780530026 40.61594392084767 40.65743335378019 40.62230569786349 40.74842201944387 40.86458477434867 40.92495752685823 40.97583621212895 41.014276571084935
55.73568967284325 54.795515345697915 53.88027844704482 51.59133502951721 51.429771122615264 50.67592611121539 49.987771086396215 49.36235011003856 48.63498328434746 48.19178583836914 47.8267172910528 47.44644531321137 47.10984386249344 46.76179638001973 46.34750525743579 45.92354092092656 45.452837322398416 44.94327054126738 44.469428958918606 44.015012020617725 43.631252088899615 43.24748327152606 42.68415195409091 42.33026029343019 42.018928576558324 42.04844552715619 42.035615323730184 41.67441650400632 41.50040964634156 41.377443879850894 41.23504964654038 41.13887437868358 41.009620313791515 40.96725693512636 40.91127748676883 40.91586297909927 40.93952173944768 40.982724709402056 41.05298250703695 41.104371417493866 41.20174135093586 41.26298992102068 41.314243911766255 41.319076251968966
55.74621850761389 54.6145172130895 53.873520775388194 52.51409166673323 51.700911867391554 50.75663372241211 50.07632007421777 49.4599451828476 48.75545536364997 48.322789463075125 47.97180724375848 47.65302723078651 47.330436247344814 46.955930349376146 46.540170416187124 46.09894913608178 45.62503348515756 45.153998299488805 44.68345556660633 44.23447003553124 43.815273370734936 43.415823788888915 42.971379009320124 42.71026761874782 42.4552316664978 42.294237935436115 41.992589679309475 41.802198273839856 41.679777591938795 41.55993738245653 41.446874846784546 41.36878115505502 41.29762008058977 41.2589625474479 41.24958345096906 41.260143243853804 41.29759948649693 41.344177166731406 41.40763823254778 41.47638602767375 41.55277536204234 41.61254316361439 41.64413691973818 41.66859796134918
55.736917034806865 54.73818753928402 53.83793471200272 52.50460769300499 51.690349873896096 50.942174330715105 50.17240245186219 49.5611209110107 48.89599371835561 48.47157112351032 48.12781519217395 47.85776861030474 47.52649962644897 47.144571619871506 46.722654801186195 46.27627198133167 45.793308652777704 45.31459860068809 44.84598079258861 44.39968777578843 44.0684444306265 43.68966299733005 43.35194873211339 43.03297732859235 42.744207359173465 42.4952087809333 42.25226021741064 42.07716438171046 41.93288025904472 41.8059484175584 41.69487030385119 41.61839951532154 41.59608710579207 41.59528093989719 41.59284990465569 41.608540457089575 41.5626895063694 41.711208345555725 41.77140011882852 41.83728336924224 41.90173197524743 41.97143295118674 42.00804908544153 42.02716446014817
55.70739463254971 54.713199242715966 53.89529868880318 52.50939427344849 51.689479000171694 50.93826575891017 50.26186957579872 49.64070791102867 49.024267168905645 48.61474632153203 48.34048212186768 48.062278746054155 47.72411420932199 47.336559535815034 46.90217303483745 46.44011324284608 45.96388054765732 45.51366014185796 45.042699379622064 44.60937126396028 44.32012984927868 43.94110608622483 43.60293051892515 43.261109611515074 42.93825081974492 42.64351620815413 42.52920660093517 42.36483009995666 42.233298038809814 42.133542977104106 41.99344276029764 41.88214958316399 42.040761584676964 41.93766958899546 41.94919731773834 41.823511108916755 41.8591283493624 41.92236415435846 41.99689278699779 42.080157424396326 42.24238200878982 42.344182846466936 42.3817219529597 42.395827335946734
55.657283576243366 54.670582952709644 53.917717288004965 52.53481919070647 51.70468260459764 50.94578063250181 50.23454685345124 49.61953815096576 49.13578802921055 48.61886771935135 48.51466643201615 48.229657152246645 47.888576902597976 47.65761034788926 47.1989909884699 46.51130901825091 46.09559953133512 45.68197699306215 45.27784281423386 44.82313578481237 44.432305300406874 44.137416860249076 43.784761047260204 43.41943747543092 43.061944148810866 43.050291802915645 42.82391531414025 42.670516445959635 42.5501388334119 42.461752132614215 42.28431057606229 42.15311098247854 42.58376455379037 42.29582170755042 42.309486385667746 42.13276176940315 42.160399030563404 42.23033380490968 42.308572605518066 42.39257111736937 42.69220386827182 42.73617821373612 42.75670259030839 42.76436363152069
55.637077805319 54.97424794345098 53.923156140795086 52.56811836291326 51.74211191962234 50.895824108272095 50.21613259715217 49.606294856924194 49.07656597539026 48.844136762111646 48.706638448380104 48.418526739706884 48.35706266387918 47.932219999290346 47.46730849846679 46.641359456542695 46.243872335691954 45.850788927907516 45.4691182892402 45.05993856113735 44.686267459306606 44.31297377788484 43.99458555506766 43.836617504194784 43.628490914071705 43.28631896583314 43.0947426829151 42.815184558715316 42.665968683431274 42.5487339599668 42.46351010336191 42.38532291686597 42.5224347457367 42.62453083456095 42.759034601326185 42.421227205653764 42.47193260050476 42.54877099748855 42.63093672065264 42.71589835940208 43.087174081843536 43.12029618353631 43.133956422563095 43.2152640191474
56.023725389701916 55.12281019666085 54.482052958689664 53.3107549641922 51.844168122331915 51.14368183304851 50.51035158024397 49.9402275291164 49.44318950283127 49.03139195846194 48.90477942352079 48.614524424724195 48.635984359620466 48.20984469470033 47.74551075173455 47.25494963770718 46.43652059507833 46.04931641119053 45.67649094289226 45.32475582899299 44.93947468378168 44.57144416428866 44.26157760343445 44.13121322559994 43.937092616507 43.56066091369069 43.35851142165428 43.123526375757535 42.97881823285583 42.86595096664947 42.734806570646874 42.71456514535884 42.93593439043302 42.98629463286816 42.9277133876568 43.08494761058334 42.8354123533365 43.226203901552005 43.28901504346029 43.33374851599905 43.457770950578734 43.49107908759553 43.52823659465985 43.587069832088865
56.260409291266996 55.34330341370517 54.47674540789664 53.32855405616632 51.932851039120955 51.17721535986638 50.564319537442955 50.010338391886286 49.55167242318066 49.149331335136566 49.02323101832716 48.88881070238322 48.53671686103171 48.4811082375614 48.023914278818054 47.13629311654201 46.63395518790872 46.2595687158177 45.9008321521897 45.56414968622437 45.25527137623823 44.89140417214062 44.54615219202269 44.500656557724234 44.09457039306543 43.86400273724093 43.66311975470991 43.419927567362336 43.27494946384796 43.16236172405041 43.08242178734198 43.006523853610815 43.30251593088228 43.395867837186294 43.57193413614435 43.56162568083466 43.591888624055805 43.62322792670344 43.66079470799924 43.80186221337534 43.84453108194894 43.96187023357958 43.904817762371984 43.99236912817343
