hw/01/kriging.asc
NCOLS 250
NROWS 250
XLLCENTER 2.5
YLLCENTER 3.5
CELLSIZE 1
NODATA_VALUE -9999
[rows 0 to 18 of 250, columns 44 to 87 of 250]
56.423984157254154 60.972231116816374 61.19808386651607 61.48598010664591 61.84452365791526 62.28224189315432 66.49068706811676 66.76734901907366 66.99339490108258 67.91570721346005 69.07513975793563 69.63416020321972 70.05690937455181 70.24668869590369 70.21708946399949 69.95773167639285 68.64966734230728 66.80434741005305 65.74651024247004 64.65771816679043 63.53562333311177 64.68714014383356 67.81019127982687 68.259371856177 68.15906303624146 54.91869632084361 54.702879190620976 54.64964985888972 52.36703106024488 62.331702655017466 61.90737882879671 62.42987724247528 63.7456849418393 64.19693595164497 63.56214365496434 64.29938497409974 65.0506107182146 65.25164718427038 66.16557198573416 67.06933590355548 67.96237400015376 68.84413408169401 69.7140772657187 70.70604594739079
57.56076767496427 58.3008887676358 60.74120850532188 60.944217961666766 61.2371754264623 62.3367817360498 62.869808263450096 62.45275832845567 66.22930891237257 67.34846986916358 67.96757301326393 67.9666527048895 68.2955010996165 68.42933916659678 68.36757220776589 68.09681083494173 66.64922879145357 65.95741503937079 64.40447519034433 64.42136342145838 63.96048060073249 63.33914950293833 60.01690615520911 59.1094300060148 66.34426756778885 55.84880163917658 55.751159054264036 55.81059797431796 56.0209331727078 62.41982188616132 62.7626232125796 62.590575918728504 63.852463423290104 64.34402852486834 64.87102200685118 64.79660367141175 65.56689782820416 66.35009483644308 67.00427979073862 67.82436918670871 68.71816480489173 69.60052132367188 70.650930930586 71.49081649903255
59.73752438003385 59.26045135200923 59.337372254638865 60.648122939047255 60.776469204699254 61.42601929688797 61.42550788248553 62.14950105226501 63.60227544650017 65.97690744586524 66.5103874929749 66.8968863653867 67.12010562033957 66.98614942731895 66.71113132093893 66.43689376084183 65.96151688043183 64.31958116815485 63.223152400293515 62.78113343703266 61.05056602057052 60.312380931742666 59.601099640569984 59.00454062475002 58.399420198424025 65.02933912840993 56.76241295005171 56.93012099315341 57.24313272590004 57.25908334833623 62.95066050197922 63.3385636307403 64.02345528435164 64.55534867291667 65.12258743035082 65.3269177097047 66.11645119555072 66.91894129695159 67.73321220747928 68.55807993981185 69.68534760246786 70.57114986516034 71.43326434077169 72.47529645281814
59.83621180242713 59.58706201238826 59.666507073934866 60.29996184154271 60.437155071776104 60.7312070143695 61.246118552493954 61.23075905120771 62.96086326842611 64.72979592830454 65.17983106078435 65.50776850783207 65.69730636770676 65.53261432185754 65.40500874685722 64.97377553932435 64.5237308112632 62.18026713697337 61.84922793903961 61.27085338003678 60.44598839279961 59.91292564486255 59.416659152484485 58.971675100875274 58.64839731188833 58.35436880632361 58.1519427008015 58.00309424342783 58.41428632164549 58.845780627159726 63.189545637714986 63.63768462133066 64.25873456883713 64.83094638401317 65.43840558385617 65.88968359795302 66.69861631208317 67.52055328318586 68.35430649842112 69.46779519112809 70.38316519577762 71.35074220593167 72.38820520399648 73.18933011742087
59.90001860922542 59.79612075795332 59.874376950106054 60.008108784795816 60.176439383405295 60.13360350106504 60.21320884453184 61.71949216681455 62.20269622072628 63.61297763176279 63.981378524430426 64.25257707024954 64.41026920187788 64.23758660783898 64.12563087647598 63.85698041912313 63.4168956683437 61.076963369114 60.63158675632011 60.40072499604987 60.010125544930496 59.65732805138199 59.35119391978381 59.10612760489117 58.97253533029258 58.89630382492838 58.921223758891706 61.52044237472392 59.73023955300437 61.00625604659508 61.66021997548906 63.09608390616145 63.91687256223591 64.80955878418723 65.57861714185259 66.4676124096756 67.39611590597345 68.15423133093928 69.32946322526212 70.25786983944124 70.99253204723605 72.02601608474654 72.8517589399883 73.70235057597952
60.15395533453076 59.92416778798274 59.99733471847494 60.11070411759593 60.073340526144335 59.67567386410221 60.865085317752275 61.19642801082496 61.550822612103616 61.91285296873052 62.92037040856461 63.13666011364454 63.264334615357654 63.10249429224058 63.00777310087406 62.7797116450876 61.49351298184078 60.34690020196983 59.94792143772041 59.7843751713652 59.722910088582104 59.52533905382572 59.3842708299656 59.314040896324464 59.350298139736765 59.4669629711895 61.14379916999702 61.86039462308073 62.71213836424678 62.14934379650923 62.88733452974262 64.02806931393765 64.59741168439594 65.446440183159 66.37216976326891 67.22300900008537 68.15349728002805 69.13815367757535 70.09139788785387 70.88995471621547 71.80236237457275 72.6977750744585 73.66548662925679 74.50704948555557
60.13875011070387 60.08590306390454 60.07260970999215 60.16221897961127 60.085215246343395 59.52828090716696 60.52434958962802 60.774563910835994 61.01063432501107 61.26159331043719 62.00200188648191 62.165218937793895 62.26469345350904 62.128661550703484 62.05274425192553 60.993907361960765 60.74328721415242 59.98883417382691 60.15842081630312 59.4618500652399 60.12510284515756 59.83924837276346 59.59022383086898 59.57461529541838 59.748521870702604 61.16821702805693 61.728790198908364 62.38223660892144 63.095230092301236 63.18274653743207 64.0055153960714 64.98764684878287 65.3213944320725 66.19111160888664 67.18147374285302 67.97862277776677 68.93194913809356 69.90217291483515 70.75653582286878 71.67760521593502 72.58996677554782 73.50759992919126 74.38784236813956 75.30927085833363
60.24159664379931 60.34242114311863 60.24345711794105 60.200508477490246 60.0223702947067 59.633505474936726 60.3561648390307 60.452464311810616 60.588238854827324 60.73728708373977 61.23131402179837 61.34329777388409 61.39626868134794 60.79414017293835 60.72498479107754 60.433651559414926 60.224281685973104 59.70987166887714 59.9624254699574 59.282345673536696 60.279892394230515 60.17765316258091 60.12436938108563 60.74226391048692 61.03508458266699 61.299043264483274 62.24335161430646 63.89395399555126 63.50472012359465 64.2926270094293 65.01539866406554 65.8930824662629 66.06364763105408 66.94844479422133 68.00060707099132 68.71678445096713 69.6990285702401 70.64907514349011 71.54153649756958 72.46625530049695 73.38077022464064 74.28193538660703 75.1666247112237 76.09003054309125
60.50169521969664 60.41017288233836 60.70743056683901 60.13978934246993 60.095575675074834 60.05264646121872 60.29333534499193 60.28017691810735 60.29045716311345 60.345868809838535 60.61318382370568 60.66891068231837 60.694033491169215 60.3391361628158 60.28038614411288 60.07085367887818 59.93741874966967 59.58044881946931 59.83649069404047 59.78734461866236 60.33558952100356 60.369673050629125 60.80325067527523 61.1185552896467 61.543869941864756 61.82358908385916 63.26113638503671 64.17676002835869 63.937839264320885 64.791122054298 65.66949967518576 66.74220070022031 67.78257241315106 67.76539891760795 68.46421995534214 69.45357386535426 70.44055165501203 71.38938445951368 72.3253757907883 73.25282801225713 74.16857592032208 75.06947012785527 75.9523827221539 76.89146781818852
60.87104380023101 60.782174630905416 61.30836772138275 60.59191726221873 60.239376281981976 60.16887451554376 60.343463343731194 60.223554741875574 60.124806919094254 60.08490792030887 60.1534041905663 60.16717300769526 60.1804635747006 60.06379343929105 59.97919545507056 59.88548576099881 59.80116622014576 59.82547491973882 59.78188168992135 59.77756186700791 59.83409349795561 60.59344050349817 60.88654733625876 61.281740392468016 61.800076823209054 62.167788861109436 63.49302929260181 64.44325515490918 64.24799495071717 65.30324400997947 66.24175969624385 67.53288715095478 68.19718584658459 68.55960867731481 69.13642533560181 70.18549329851128 71.2195334529018 72.16568937091603 73.10498801486594 74.0342483029704 74.9503008960326 75.84999391880052 76.73019872945409 77.58781558483244
61.29924356708811 61.21513896500932 61.11801053358107 61.08895201952051 60.93954444488264 60.42155803166439 60.51528743319457 60.29039261653425 60.03782607004694 59.98174257169981 59.87634876299685 59.85855347224597 59.97305851743005 59.95330428961811 59.92810479892486 59.87379183493195 59.76489150379136 59.821610855723506 59.80222021367339 59.81726251019611 59.88847278135674 60.501545876296326 60.821917092146805 61.25789011502403 61.62997380859349 62.47906550915894 63.347520661756015 64.343082843675 64.87021829163925 65.8649100580024 66.63910818822396 67.60030662316659 68.96167114417273 69.35183396093049 69.86868917717834 70.94970656520539 71.98560983009892 72.93563914220343 73.8773140631185 74.80744876680058 75.72287079816336 76.62042690905756 77.49698877995225 78.3494587206063
61.73571402582455 61.6586135435315 62.16106875397343 60.996656917301024 61.49685711720319 60.77090109709685 60.818669292324245 60.31843767188965 60.12382280899152 60.06203980149906 59.79539088230756 59.74695089721451 60.01767885433215 59.99233598419745 60.01515757471805 59.981848508246586 59.960162655643614 59.924063160381806 59.90348021924175 59.91283282167623 59.98421515597077 60.26922007615471 60.592825756270315 61.04651022546679 61.82704188883853 62.5536410335325 63.46694250743956 64.5159161231866 65.35662013757131 66.39000506551986 67.46476469742382 68.53822579808337 69.78815078962074 70.18376913161075 70.53902478760354 71.74207426994063 72.74323039818182 73.69619564100648 74.63930711152537 75.56937521565436 76.48322555389421 77.37770451658372 78.24968521995375 79.09607306206142
62.12979362919435 62.06206252302219 62.81812104202892 61.47538686763317 61.434122908890664 60.695390171983234 61.25873145639689 60.66138382291752 60.38141598335698 60.33384896173307 59.91247800851827 59.832590436225814 60.19608463775593 60.165057996165736 60.22195079403336 60.2260003276282 60.19485082516573 60.14070944853597 60.09397971774428 60.068664140756816 60.14730107099732 60.27574136997274 60.649421954974244 61.31499058086301 62.00152007911565 62.78539705740588 63.71506497858046 64.74883670586007 65.83830476044191 66.80288760733038 67.77793624154444 69.12257899869172 70.38951136710861 70.35826673007038 71.32288457031815 72.39776126733906 73.53808637204696 74.4443376147286 75.38793817390102 76.31699243240486 77.22832501181395 78.11878312937954 78.98524237003257 79.82461232563354
62.43084104474198 62.37496729907798 63.46834898561075 61.896867829067254 61.87183447120747 62.017964989496065 61.685582787682215 61.58971486875099 60.879708027502765 60.42429665930801 60.1922626133717 60.5714654631049 60.492261859068556 60.45517543000283 60.530694025685825 60.671896070115565 60.582500656808605 60.481721474035254 60.44714895076699 60.40245773862778 60.69783834056353 60.71500236434617 61.178697663631375 61.43687573124718 62.1419971157643 63.10854021005321 64.05624791786441 65.11045072692859 66.4569643143136 67.43551806677077 68.42390162062986 69.42070296717277 70.22096395675484 71.30649528787647 72.03514049439227 73.11691128922405 74.09544074641775 75.07067832464182 76.10796369479411 77.04728959743892 77.95515456070157 78.84064571414346 79.70064216331626 80.45388005105518
63.40998650459353 63.317457817579026 63.78131777766074 62.477543504077204 62.48468150506064 61.99833543505685 62.42781210818198 62.321021007931805 61.72816952694938 60.608372397855284 61.162641113692366 60.99196085989436 60.88914415046919 60.84520928854373 60.98305422713984 61.28778338645809 61.131284268696696 61.00218727898888 60.81304332900204 60.962127261843506 61.03753533313824 61.20602342239903 61.90576957537252 61.715956606570245 62.69657238839738 63.525749226432225 64.4836541598308 66.14352679994778 67.10853179026583 68.0937249790823 69.08370427753403 70.08079080586043 70.93962584796299 72.00047347336907 72.98254006217039 73.98174363179379 74.79705144319931 75.77019336033803 76.7353339264372 77.71130273444223 78.66073067268354 79.49346943945432 80.31429740559793 81.10736194251052
64.04945522614828 63.95738134525932 64.42748458757373 62.88080691847176 62.990658866244075 63.03747678595763 63.36939716766442 63.16379697502471 62.96910249134861 61.406734727549534 61.65278425042588 61.43950850714941 61.31515752265287 61.27052875284627 62.03179362543422 62.086432793214705 61.80647992016779 61.5673713879349 61.561205859667645 61.574894172688985 61.66412962328262 61.84051247711125 62.77354477974947 62.98932070398183 63.21426361437569 64.0443162603137 65.0044383340072 66.82602599566587 67.79108404870749 68.77411754338868 69.75599401012234 70.75706589225307 71.56312330351636 72.6585803788255 73.63643749036625 74.61515852529423 75.60387808709851 76.44822254208769 77.40955577078503 78.3577156434703 79.15386318240508 79.97651632877495 80.77782957040445 81.74371067484796
64.79310682118869 64.70633716375843 65.19595683400183 65.02309979617628 63.61568577020456 64.45531072686 64.30117352329711 64.07220553842893 63.864652841836374 63.354556988677395 62.6240027484953 62.38817268286415 62.227509549671495 62.621305127807126 62.62487323683435 62.69218999573751 62.48350541107438 62.28155844413503 62.2719470942877 62.312442947920076 62.42336960843798 62.61474164101307 63.76143283558446 63.96892586205743 64.22942471304788 64.66768144199527 65.5698845956414 67.534656137628 68.4799826755933 69.43713374074282 70.42071131955667 71.38409995809499 72.33324984574942 73.30419935648459 74.16864306248534 75.24640378816449 76.22493729858991 77.19756469438626 78.15592422678911 78.86347841726867 79.82914068477874 80.64966936240154 81.44656937893528 82.2203967338405
64.8245010550817 64.53936954414793 69.60114227830991 66.90384826793508 63.000114457220675 65.2670754944948 65.31400781438785 64.91110144115574 64.86018568337128 64.17857986055586 63.93230344057464 63.3137665687636 63.72369245851156 63.49860370484496 63.10876821693984 63.55064269731113 63.306927886888545 63.10292803483455 63.07124152007542 63.15537716689836 63.31009658977861 63.54318759429091 64.1731323055129 64.37309544029233 65.00506328087374 65.7697817480369 67.44343316433738 68.32944593410961 69.1826464954125 70.21209560434652 71.13950894505174 72.04817775602127 72.98908043481823 73.94381256963854 74.84755669730154 75.84768314724266 76.82031241578923 77.79420728198764 78.74426644007876 79.61798644965273 80.40240236253054 81.32844949434784 82.12161186892916 82.91509324273713
64.50934597783221 65.20132176052005 70.81950805582824 69.92124667595806 65.85438999417313 65.95324801203788 65.60262825116644 65.73546739891275 65.35523629952162 65.04092613451651 64.85143920845087 64.60015821622557 64.21447510223156 63.83080666792485 63.77092842904835 63.99645114374966 64.25267982636925 64.06181828131552 63.99972345061234 64.11623753091305 64.76301111846499 64.91208037072508 66.18612471136167 66.54459106002221 66.95361775801177 68.06394587953503 68.18181260524372 68.96018482835476 69.97678185050492 70.90689779313604 71.82677049943649 72.74603797492718 73.63971887803272 74.58727134937442 75.54243324461828 76.6393159597156 77.41907948231874 78.36313887627145 79.264678760306 80.24560123883332 81.12263741232306 81.97409126914266 82.70524063874382 83.58024226760924
