hw/01/kriging.asc
NCOLS 250
NROWS 250
XLLCENTER 2.5
YLLCENTER 3.5
CELLSIZE 1
NODATA_VALUE -9999
[rows 76 to 94 of 250, columns 132 to 175 of 250]
100.17325585897615 99.00489778415512 97.8448525567765 96.668940371197 95.53439159647137 94.42098285652033 93.4051555111075 92.45386267654725 91.38586802903382 90.68545367169122 89.86319923902795 89.02823306438736 87.9135008518377 87.105916604203 86.24633486648285 85.4361579134596 84.65568949154537 83.89463436851096 83.15207812515266 82.42393783192773 81.65943249999773 81.13151236666019 80.43633198444687 79.7204470090175 79.06160744559655 78.41219895992955 77.77174996176397 77.1397833961688 76.54293724859781 75.9575297837309 75.3969453811276 75.12497978226237 74.74298731827545 74.37464949038588 72.89085841776235 72.76066719206557 72.41149785261527 72.10507866724092 71.80677997744033 71.71358875364331 71.58049350373057 71.3667975053006 71.20390024650541 71.0900790901304
100.04375675246492 98.89408249078329 97.74333145436229 96.61769251070588 95.50892847007668 94.4727970801396 93.45253751443363 92.38567366995052 91.57004365246586 90.80025890412477 89.95477288564302 89.00673927573924 88.17818176082318 87.3789022266697 86.59155682186275 85.81790105687078 85.06401579640995 84.32895231395906 83.59154124345272 82.89299948613434 82.17805414501183 81.6259242697965 80.95668307045904 80.28252483309313 79.64527970228544 79.0176190453406 78.3990584452508 77.78910777102678 77.22966273777048 76.6753519950954 76.14569514772273 75.85883333928217 75.49510255338978 75.22268058584896 73.66180137305088 73.65669969346295 73.34406171091263 73.06944789513875 73.11606243928652 72.73779663125717 72.61834732920968 72.42630558296979 72.28301420486989 72.18613046494953
99.9348109634179 98.80565498694428 97.68967897694017 96.59172460537248 95.51268244883903 94.52139335723965 93.47083777228559 92.50334622744342 91.56827857545487 90.77415899985718 90.14423011981559 89.29808885979169 88.51155359410825 87.7318352613221 86.97659231721923 86.22931702454832 85.5018947767422 84.79240073023533 84.07032882282076 83.39379600067417 82.73574363637283 82.15553625875279 81.49900469327606 80.87302492116652 80.25726617512076 79.65123873793777 79.0544455990927 78.46638380661568 77.94459325662831 77.4192107592075 76.97138526953336 76.65284390791227 76.30694953587738 75.93704338924763 74.46037579363744 74.20771332800635 74.29700376811691 74.05078403294705 73.99353043961517 73.77569142527601 73.64132252055956 73.49998526138451 73.37651674134077 73.29372528048648
99.9098708615783 98.78911326704673 97.68566007495285 96.5905454241216 95.64904971015278 94.41244271728401 93.35061992149566 92.32491140265795 91.78013850168385 91.03142243945868 90.41468722180156 89.63428112155245 88.86621645543734 88.11514094294841 87.3900640383901 86.67110815916782 85.96593951804516 85.28626512656976 84.58218136838799 83.92629280834771 83.35888326991349 82.72848319575931 82.0962399702213 81.49147361813003 80.89708060106629 80.31255910256503 79.73739976739634 79.17108706928343 78.68544033299216 78.18679263804802 77.76558827200036 77.45659025370429 77.02916209159653 76.25086524975717 75.8978254394373 75.3898102095956 75.06295009723232 74.9440067103327 74.9540022219713 74.7529367195194 74.69333503631171 74.5753497438619 74.47871941378838 74.41291402657622
99.86393586854541 98.74620654364007 97.57117471799383 96.72021914514293 95.63355986999714 94.51887193804218 93.49672976174001 92.50994361025779 91.56656308512275 91.27799750622768 90.83762372411553 90.05653705222797 89.25171375910524 88.52843350814051 87.8327059388916 87.14191541462084 86.46639177335062 85.80594060109594 85.16092992859559 84.49042866272073 83.93164609343924 83.33413460290211 82.72104653086205 82.13736749102966 81.56420716222318 81.00105187897947 80.4473801947606 79.90266427047436 79.449891928211 79.00002610124926 78.68349089384066 78.24778154576754 77.8710988412578 77.0274818222756 76.68112093031459 76.22064673257597 76.0249513959728 76.12189474063587 75.93361778862848 75.77218946156148 75.66223049729466 75.60162306748231 75.57641948996645 75.53777816942528
99.88234966050035 98.84941166368274 97.83717757121501 96.84818368206957 95.69484652008131 94.68580526804674 93.70512634429738 92.75908544314296 92.58956215873364 91.69043671347373 91.67743276936837 91.2841111918427 89.6685642376183 88.97220783433181 88.30490763601046 87.63810063862526 86.99215156816088 86.35575304219 85.73143883055954 85.1220953484268 84.53180395205618 83.96528005687752 83.3874000263684 82.81017396810635 82.25810113179385 81.71616013215085 81.18381769874523 80.66053394084093 80.25293838716425 79.79849958316225 79.48735042739918 79.07647503975659 78.19524308573813 77.89988848099577 77.53136344956289 77.26274639872395 76.94274532290919 76.83499248892966 76.93810909179119 76.79069297704035 76.70845020366326 76.6503352855066 76.64727666654022 76.66122437770277
99.95176898183736 98.93367858570564 97.94320094389757 96.46836425275033 95.96648859872668 94.91658536960092 94.48389461397744 93.72536556682012 93.00688571576042 92.14607003884754 92.1584669068439 91.47491568786988 90.34696604888005 89.46853213929585 88.8070541539533 88.16521160588196 87.5551203911721 86.93261889220793 86.33142022666128 85.7468586239334 85.16929056601798 84.60434573942403 84.06553033811362 83.5192398505211 82.97818955840359 82.45729895491702 81.98064805282786 81.50197939690169 81.17830805530429 80.61384759994161 80.20602896721897 79.80394581864394 79.0925307605826 78.18698087940538 78.45895821230454 78.20570005412503 78.00076993529922 77.8119250286405 77.70929496070399 77.855457647593 77.77905491176797 77.70512550752035 77.71626419034195 77.56234176451974
100.07857207741289 99.07850520981869 97.87916893711125 96.7201925039548 96.20205076158553 95.60060328376036 94.84246746784642 94.12839199066943 93.45451787219444 90.95264384965745 92.65287826678569 91.99614053053848 90.86277474774288 90.09179899206136 89.34236005552327 88.74637544279355 88.14339880725643 87.54155192225737 86.95946601194584 86.39028567340115 85.83252018626949 85.28761012563602 84.75506354179723 84.24397519925591 83.72919577641545 83.23451512029983 82.75866300782226 82.29803601380658 81.9569363240496 81.44667670993951 81.0407069107135 80.63626646483289 80.12565979081256 79.18557722032676 79.39954550626817 79.15805267524152 78.96414012258873 78.79154018823522 78.94117908136656 78.84303591503232 78.78318645463821 78.73656216484325 78.78785673130028 78.8155696297555
100.28251915620537 99.28003669693123 98.427284606021 97.83803657669279 97.65630419148158 97.29798908438934 95.23551367177029 94.56205265407336 93.92883736340394 91.47674341931224 93.15735149870065 92.52605628378623 91.41064608799374 90.66397891611398 89.9059092544303 89.34075411493681 88.80931860129097 88.20880670788556 87.60950681460564 87.06009645025878 86.5213874959374 85.99623183936544 85.48342263780825 84.99325173804985 84.48980630683293 84.01677182737866 83.5583063956933 83.11448352757819 82.70377589720114 82.28352963952942 81.873870891056 81.5134223380031 80.99511237395481 80.2194341761649 80.35200006771763 80.11859605272434 79.93180079694153 79.77225919122262 79.9132728179639 79.82714344731 79.60444090180661 79.71780198590814 79.80204825405855 79.8440306048448
100.59673153811801 99.67602003039543 98.69659192837787 97.94871404989237 97.29429293933408 96.61914738005436 96.04980062554134 95.02332955077775 92.96630726180229 92.10401293058955 93.66947005404728 93.0629022935219 91.85247850589126 91.13379514370482 90.50297778962768 89.95658413338083 89.45334662700262 88.86184847830208 88.3025730742963 87.75643571300927 87.23576188362007 86.73006856010366 86.23669899722218 85.75535915609562 85.27834535794267 84.82123095073361 84.37844988891115 83.95027563633083 83.54273701629805 83.06109211409618 82.75465079132555 82.40674468387353 82.0849973357916 81.49888781352192 81.20836354710389 80.97536497158919 80.7903945323928 80.6584608632703 80.58425279280559 80.54028598306974 80.5530330974761 80.39366367739345 80.7715115960583 80.8206001350378
100.89431105136862 99.98212257156273 99.0711859713719 98.28777890671688 97.62480259183619 97.01838319939338 96.49024218603421 95.66397959438386 94.16758255778828 93.41520631627563 94.5765990620148 93.35226230802486 92.33337389208 91.87372482928286 91.31428643077513 90.60451190974666 90.08084966985172 89.70158312551493 89.13269900109532 88.49824130533608 87.99445165448596 87.48895293470378 87.01471392673378 86.55231572272628 86.10483904442464 85.6602394013342 85.2288205840319 84.82230023831805 84.41593283900207 84.00316107563427 83.61712970354714 83.2754989436421 82.94431984216715 82.5210088402618 82.19774107294458 81.95862602385938 81.76728644979795 81.71590963709725 81.54230548292367 81.5407646281859 81.54068558864951 81.27076451015097 81.34100256491014 81.67287186386926
101.2690354985612 100.33324725524895 99.50136205624186 98.63443183530664 97.99180944520633 97.3866032566519 96.86098500672344 96.13871318682723 94.89686226611857 94.19848778711076 94.6953684425157 93.93466580859281 93.07190311600132 92.53169946769859 91.99085035744874 91.30995737742299 90.79051202470188 90.27907290123473 89.90489862352176 89.2525144972013 88.76590313274372 88.29986045103949 87.83285957066418 87.38104092680605 86.93935030487543 86.51027277649982 86.10904457879982 85.71071020792792 85.3366368538912 84.9735186996318 84.58389878396034 84.23128424036823 83.90591072310424 83.57531244399274 83.24328091605535 82.9590756132027 82.87822852960909 82.7177309991364 82.55052917767291 82.50672880758701 82.089728520916 82.20140417037135 82.2442373416319 82.59942377174237
101.68517945939205 100.73058340383618 99.86634706402224 99.08930628416604 98.3882736812269 97.78950804561092 97.2611090993201 96.80453834197893 95.63346203560631 95.6865703125082 95.41617222263497 94.62432667751507 93.93302417277243 93.21066797130604 92.6933371908264 92.0271256823957 91.52539367426802 91.03078639999197 90.6968269957784 90.02929492525739 89.59434720705818 89.11221530511301 88.65596509336109 88.21788248554205 87.79124592319269 87.3763586355738 86.9951813600099 86.6633808821014 86.3464959802142 85.96327600726569 85.59193637174062 85.22612822745263 84.91317932892429 84.72362963360601 84.34413681892872 84.09863077246209 83.80034158204447 83.61683274666106 83.51067778217035 83.44290757902786 83.02778753557402 83.12167709524176 83.12970888387616 83.13496800598837
102.15018384963177 101.22065127838461 100.28649904663855 99.49472669613824 98.8481728028916 98.23118025643436 97.69573837192658 97.23923142684025 96.53629113118959 96.06873357175022 95.76398751378721 95.35135968969004 94.58245616447996 94.05701624589771 93.44312794925796 92.7595363153572 92.271913396401 91.8045298361309 91.43767204787005 90.88603254019242 90.41667425666884 89.94317334340235 89.49636855523448 89.07186526639168 88.65859259025265 88.25708130292915 87.92983577598977 87.5896248718818 87.32094399352852 87.04367867445123 86.67230033673766 86.29282399432469 85.94021779521732 85.72605262241123 85.46704478764416 85.06185417767145 84.83090457212967 84.57970241662947 84.47472926663116 84.38339507116389 84.24394865287435 84.33416065998733 84.40529570530757 83.96000652408978
102.65563895935809 101.73601148109199 100.87107843142786 100.07055655521744 99.34494331961419 98.72971410916197 98.16439026150277 97.72764801653943 97.10286802025226 96.72852095044172 96.31166795687018 95.8333252507955 95.22547940446336 94.74761987993762 94.25496297685434 93.51541588511583 93.04210960816778 92.54565844874543 92.0858862493098 91.56667814418302 91.25644034646675 90.77485957974913 90.35235187421914 89.9403255249883 89.53931235738787 89.20919806777314 88.84628003708887 88.46736681775286 88.41282492206392 88.05800187146633 87.70071086761371 87.34687180694172 86.98442415037523 86.67456196516605 86.33592470078594 86.07153896047741 85.82420389660382 85.5699126492346 85.40892138053457 85.30782608122222 85.18679206011191 85.07521388819012 85.04097465198619 84.93593211569805
103.20384165727613 102.2956192331335 101.4347477238017 100.629423956561 99.89004279287525 99.3194355655598 98.56949792904459 98.1156967602169 97.7144145976898 97.27948133108113 96.86562675223321 96.42759210316727 95.88698706368795 95.42905135411974 94.96508910520632 94.27508424601506 93.79928556201718 93.34291986689519 92.89409732940351 92.38774732002099 91.97620537968618 91.63294858889824 91.22202236046273 90.82136337314695 90.43149854191583 90.12113179873492 89.76807504307513 89.44158943962213 89.12258700854119 89.06387035465424 88.7200641898917 88.37439432004868 87.94065209030845 87.67192384758575 87.35186891900211 87.06956107556515 86.80817206019549 86.54814447156335 86.29391757870889 86.15813463453254 86.01770199844806 85.92236078013875 85.82520643432004 85.71641506141944
103.7970153974531 102.90140831553363 102.0451851592242 101.21852780319637 100.46115407778652 99.78073062361835 99.21948481060937 98.68752685624469 98.28306877139966 97.85374786324842 97.45090190281641 97.0461543962488 96.6520550446314 96.12737066834005 95.68210864574259 95.11465106828295 94.59319320551896 94.15616525033322 93.71652269320357 93.22482426822144 92.82331415375418 92.44646470833847 92.06401033335027 91.71307034170349 91.47841872821016 90.96786012082212 90.67003618625625 90.35553879310842 90.04830057383833 90.05834463218164 89.72751226508564 89.1847369359498 89.0265287252396 88.69147109101985 88.37333048248728 88.05749997730351 87.75323937898864 87.46261731561844 87.24411753081249 87.08654942202652 86.90546242113008 86.76533337101088 86.62217462066025 86.20066927879546
104.46047415621499 103.57935499118985 102.63368281385979 101.864305624423 101.10403602203274 100.4385740656434 99.86136130485306 99.27867754651734 98.88487054363539 98.46746506007635 98.0901292677424 97.69269124823214 97.31794711818257 96.94911584241436 96.42018744136608 95.93022319222968 95.49086401711415 94.98222453716188 94.4533122842563 94.0342786874765 93.67276343880829 93.28800898653252 92.94316781401429 92.67018171233273 92.13290537740252 91.86080339943138 91.57246493040681 91.26699651097243 90.86933240812539 90.5998928935008 90.68329831155472 90.33990272869794 90.00667550928362 89.68308150734997 89.40896352603899 89.06303241671222 88.73361417818283 88.43945955298535 88.18040222015127 87.96011487413872 87.77420464462114 87.58141409265774 87.38626722195384 87.23871449962833
105.16441628240489 104.04794334879297 103.28002417013725 102.5192671304915 101.84863122583705 101.16495774808314 100.27369990664602 99.61333735172335 99.60871349562412 99.16402143787604 98.74625964212049 98.37070329306954 98.01623609043737 97.65597396120864 97.16288002046205 96.72990536843287 96.29776497532194 95.8113434451514 95.29315777627025 94.88284106219041 94.4473959148773 94.05047539159119 93.6656675278876 93.43856277925204 92.98679671465462 92.61505484734205 92.3220868671977 92.04008858700391 91.73443176325844 91.50274262377259 91.19933891000507 91.3134265708418 91.13629904832473 90.5720026697927 90.4054378277637 90.02746858990544 89.69503710021556 89.41924620739594 89.09509398639882 88.81849942710939 88.58671012811259 88.36381548333956 88.10653313455299 87.75567192414044
