hw/01/kriging.asc
NCOLS 250
NROWS 250
XLLCENTER 2.5
YLLCENTER 3.5
CELLSIZE 1
NODATA_VALUE -9999
[rows 190 to 208 of 250, columns 88 to 131 of 250]
122.03343137686721 122.52395257678243 123.01398206599563 123.56382146488377 123.98501695126814 124.45809375835225 124.87584563637117 125.279093826342 125.66469495239241 126.03838380780908 126.3967892346482 126.7493468941273 127.06835450719879 127.37367374914369 127.66511237183771 127.9378435441918 128.26094448164523 128.49225710732063 128.69499900883045 128.86909878975368 129.01451504803106 129.20723832522697 129.37466130109556 129.5674265481616 129.90001962448144 130.0842825064223 130.21640003935153 130.36233039333405 130.51015980269653 130.6247696039698 130.79894697964534 131.8442516032783 131.85612477204677 131.86357943617782 131.75869645212182 132.089092506171 132.09600560482812 132.00093222961925 131.99866753258272 132.0686681044869 132.20384822374515 132.40849007589472 132.63632597876725 133.00769575189958
121.58079714165515 121.97275101863042 122.54953609275171 122.98031589809162 123.39911904857232 123.88473231658584 124.29880841532344 124.69484501117873 125.08006650464708 125.45036015766604 125.80547548833971 126.1451770334026 126.48224330236769 126.75140608480208 127.07499222321827 127.36991895994656 127.63600340541291 127.8730927880064 128.08151673778264 128.2642131550703 128.44510903473278 128.61690055589818 128.78622669955615 128.99505872696287 129.23658257140755 129.43675782193668 129.64246495547465 129.74655041446456 129.92104944409814 130.09227089466953 131.151646849014 131.18661432316955 131.20988482572295 131.22648541022454 131.17546825973866 131.4227122428659 131.433114477898 131.3518852951125 131.3528393512705 131.39136646391307 131.54923394488466 131.737265531694 131.91659525311195 132.0375741960249
121.16705614305036 121.62870765973754 122.07976683298509 122.55021408293588 122.98463226543277 123.32844888247527 123.72249940537424 124.10843938014871 124.4900880303191 124.85691496686397 125.20867176677184 125.54512496715665 125.85053137509414 126.0977592801391 126.43010595577931 126.73394358070078 127.00908391641627 127.25536874487759 127.47267001995786 127.66088997588244 127.84111504611919 128.02125981351023 128.19707663595906 128.4141416991203 128.50372711525037 128.90217738688426 129.01312476782277 129.1789965097164 129.33918935482941 129.51095663365072 130.2942225505634 130.35961870845034 130.56534756250386 130.59184554202128 130.6077746426908 130.85380733861754 130.77975803752662 130.70344974279075 130.7077737866381 130.69929211596116 130.8665767889904 131.1181622124674 131.29465858036764 131.44608191340794
120.4971089465385 121.03873834977432 121.44031671776033 121.92844865785344 122.3366701875504 122.73482183391783 123.12627639593168 123.50745303690704 123.87765114018717 124.17988709212929 124.53963810051866 124.88568030077174 125.2174696365723 125.46748706574915 125.8044935420394 126.11333102278141 126.3938299528768 126.63718325079769 126.8638270899983 127.06152238650938 127.24261071646693 127.43562932139633 127.53415407705266 127.7782440282139 127.94639063225516 128.11163775587846 128.44829385251765 128.58768807760748 128.7626109693063 128.93240840703533 129.60364351799421 129.70103200291794 129.76440277551296 129.95984270337615 129.9352068078486 130.1727809220767 130.10112618096645 130.04382114178563 130.04922911392245 129.9774951390677 130.19418819927927 130.43875003353736 130.65769459184784 130.84611033199482
120.0629649716268 120.47584887223486 120.9078878622022 121.34295797023546 121.69994573810598 122.10030071556017 122.26786529788576 122.83551283068417 123.20924122452746 123.51679385625883 123.88017383049102 124.24494981969909 124.57721517546995 124.81150229698163 125.15730651887849 125.475234057239 125.76510992267441 126.02678877997246 126.26015503671087 126.44581420219677 126.64580266722852 126.81307138133248 126.96375999458859 127.19167330594233 127.3632305611272 127.557010895417 127.72510658717246 127.99657164186527 128.17233198502433 128.34225490300088 128.25935210461844 129.02224246943638 129.23118681169865 129.15410405899877 129.12267966944376 129.86031922229142 129.3657235728984 129.31216687008794 129.0454176258598 129.24043887043447 129.4862610323573 129.74938531248839 130.0060687848212 130.23165525609647
119.47682646964394 119.87820668386216 120.30406077406231 120.74330240973242 121.31542493844489 121.15565037123963 121.64807850661595 122.04047612466692 122.49656413201721 122.86949690494083 123.23628490640014 123.58550919623781 123.92183395654733 124.25280848566254 124.5092406938994 124.83618114579366 125.135361517672 125.40663079925622 125.61910225511166 125.84193589788653 126.05173286461604 126.23262756982656 126.39428147519746 126.53615647116419 126.78399049222453 127.00054385442215 127.1723989361131 127.40650161686375 127.58273606534311 127.75242256973803 127.71493695195227 127.83144240171279 128.5829020493518 128.4671253594645 128.11586489923775 129.1457102227456 128.36168134883883 128.41499916727037 128.03170525052394 128.34073330463625 128.60344796729817 129.0279765627611 129.3310096288846 129.3688580783333
118.92133382858907 119.3919869147911 119.6979697001391 121.10226283138866 120.32583456982925 120.65703513205602 120.93943886943703 121.41490566546295 121.85407197315803 122.22410420153562 122.5845077932344 122.93826840536376 123.27560230559297 123.60044903070565 123.86113501929945 124.19700556108275 124.5054120459451 124.78619785205247 125.00597737826423 125.24003585942032 125.46142014290739 125.65357444160824 125.82614817105964 125.97896072166925 126.20893617996732 126.37968309064276 126.61781319671545 126.92466023968325 127.07027373460164 127.24116810465762 127.60919191857118 127.79160798245175 127.8992564195238 127.69505084312391 127.65095123268446 128.42425492822338 127.63312673366045 127.70647701983398 127.35290067926351 127.57859865008717 127.82059426361528 127.91223170488763 128.20121955953283 128.53663172537316
118.29135003356157 118.78410295708638 119.24489462303787 120.4037431805476 119.70387208000096 120.00379631595817 120.43356399117266 121.0455156203542 121.20778478544311 121.5754509852003 121.93480306071021 122.28487751675453 122.62471898260702 122.95542808747325 123.26851624214295 123.55853851508625 123.87608683376945 124.13618551162538 124.39510849250891 124.6501093496671 124.87257328789887 125.07569912844335 125.2593310354767 125.42333395751994 125.72294729631992 125.90864403720875 126.08635161449352 126.3695680167825 126.54562915052583 126.6552347955556 126.99581373380886 127.16708890111317 127.10387619858545 126.99608985112718 127.56676107074861 127.31034705919137 127.00378860368892 127.07600369428746 126.63856626015934 126.9235485846053 126.7934084134787 127.16188946690491 127.4274793378027 127.76134791094913
117.64459659103281 118.1251964178437 118.58929006998996 119.0467995605309 119.20973412346159 119.3931441176046 119.83265677155448 120.39150374094415 120.62699660838531 120.98546093725507 121.33578431884358 121.67742299291655 122.009811046666 122.33554828742733 122.49973198687252 122.90488851031245 123.22223301273021 123.49406192320669 123.83060400232038 124.09615548182111 124.34248925276884 124.49968166944006 124.69430776151873 124.9964381544518 125.18000526888619 125.35491367598836 125.53469478196178 125.71551215629728 125.98699614058819 126.06833282089747 126.37542886924564 126.54584742610899 125.78013660709303 126.30616758640133 126.7875590336293 126.56757201709542 126.48115278302282 126.4146105656335 126.2127121047669 126.41454523267682 126.62498399976782 126.83432608528597 126.81254674777365 127.06091350118379
116.98346913137092 117.46083295178461 117.9219982698643 118.15236182728516 118.57045207629493 119.23664634011756 119.27570368191849 119.82836877952965 120.16920362461723 120.33408645940708 120.72795318683237 121.0567906893171 121.38007400020041 121.6982530655418 121.9217461763478 122.28262231500142 122.65300247548969 122.99382085240092 123.29064370839963 123.50522392342754 123.76329585242087 124.02663202557873 124.25459356778846 124.46404753043568 124.63853283538276 124.80224475692707 124.98222120820817 125.15399553956938 125.28830369035816 125.43190192477991 125.69335399524522 125.94694442161125 125.71378739130688 125.66660742204277 126.01689492312931 125.83306196104922 125.77870348074174 125.77475798702983 125.67302120242508 125.91239519592457 126.10481861709918 126.30649216730194 126.4900685589072 126.48129122992569
116.36115619292109 116.78641567091204 117.07734387878048 117.50335711265393 118.13884095686034 118.56501190622679 118.83314415173382 119.01711938189139 119.50063072212419 119.75374037256276 120.07570542827976 120.406829870286 120.73354632331692 121.07264363664015 121.26856786493857 121.65333303280194 122.04136340329808 122.37795132143084 122.68316051750338 122.97619949743688 123.25318123924387 123.45960797414716 123.69350109285907 123.91254182979844 124.11261043348003 124.27529322420301 124.4284162562726 124.60017974017407 124.6074216922506 124.96020851293065 125.10062912417061 125.49452880412679 125.09663730258933 125.16516353961288 125.25692042995638 125.10850694631137 125.08544434669273 125.1560025178506 125.21619298052916 125.45143577495769 125.69395026896967 125.83789555453549 125.99951150460114 126.15956194950039
115.67380897133957 116.065934894658 116.42617923399933 116.84063110339541 117.24068664185457 117.73823435545506 118.13779850583752 117.95532400607105 118.1585850318664 119.09205185411466 119.45470398390096 119.3471531864349 119.77610898767082 120.20582069790493 120.63453747222125 121.0331073822658 121.42880071837847 121.75803694985655 122.08188366997977 122.38072988805614 122.63473878311794 122.86076106848336 123.06412841720635 123.22820235222451 123.37184412142875 123.7525499778446 123.92178661957844 124.04407185810881 124.18113337486156 124.21010676884049 124.34613318169018 124.70522886596052 124.68280829700609 124.55882216061713 124.52728286706349 124.3952498093127 124.40225239426888 124.48122376762649 124.82750236664616 125.04457901846888 125.35493705019786 125.45300487137342 125.55692034199843 125.68649129821915
114.88518578824916 115.37789982525116 115.76030576638257 116.16844158201687 116.56347748545579 117.0167518154926 117.3930876216746 117.76831281978922 117.64061883726228 118.01322898585177 118.28048493734667 118.70594818705018 119.15203298729466 119.58198306715742 120.00675660719156 120.41454066672809 120.80543167908107 121.15038101611479 121.47844081355237 121.77986718144821 122.04032022543248 122.27401826836629 122.48382023946331 122.65693663965395 122.81381562937736 122.95577804553417 123.37923915650394 123.5037341050659 123.62077499622981 123.68955991741763 124.01776514085955 124.08009056092769 124.06807890614667 124.01952335636355 123.97720862010254 123.6942861199642 123.72966195296817 123.79465572935271 124.01573777793564 124.67758631110401 125.06787922105494 125.11424414896915 125.16755693299918 125.24606770303099
114.19126456548565 114.6750859875917 115.10568347311589 115.51803800280206 115.9165909106172 116.35356611824815 116.74320586739336 117.11891857167298 117.30594260667691 117.24375575974946 117.63476704770446 118.08598987310238 118.5184559961828 118.95857664889512 119.3845011172559 119.79903063360194 120.19484440676939 120.47499071589547 120.88215687469825 121.1757792677636 121.44101203630117 121.68072719959868 121.89779353810128 122.09507159634016 122.2413544393444 122.39655152099846 122.54234084944056 122.8662272456965 123.02542118659997 123.21273593335414 123.44890822577429 123.5337649417421 123.09967233590697 123.26614172650252 123.43969554940159 122.82175282913532 122.8833783228799 123.08207044061146 123.30881935894558 124.3308430404967 124.47701181396481 124.58750674094728 124.71549011028804 124.81684059241879
113.51019081297724 113.98568429465286 114.44694849030056 114.86242384808835 115.26359609610502 115.69623519917496 116.08636047838336 116.70347597935114 116.5928397738907 116.83928600822063 117.08577806053354 117.46724447542874 117.89966721234937 118.30219251279587 118.7587949150378 119.18586431754125 119.58410858380469 119.904310202755 120.27235280240633 120.56785803148583 120.83620391901269 121.08027462565526 121.30294955383698 121.50709801134602 121.65403719483423 121.82066337354917 121.97969201162488 122.26496559844824 122.40969237359434 122.62312218221308 122.6079008376368 122.92826984779191 122.96101074727542 122.98498365020741 123.11858331674307 122.8308825814567 123.48411446751686 123.60370300228914 123.71408758560739 123.8284022276511 123.8161453444772 124.23011902785166 124.24980736171844 124.29093102056176
112.8369802897407 113.30653242183851 113.77854519145193 114.20289008310559 114.62320870746777 115.03513236493541 115.54786788863295 115.91969183475126 115.89806230115498 116.18285878759977 116.55416453793293 116.83999808262831 117.28378974737 117.69870815114885 118.15286138627471 118.58800890008928 118.97253149888171 119.29951694114703 119.65961160748896 119.9553286589069 120.2251210036802 120.47188500764629 120.6985111287225 120.90787829960209 121.10284789807363 121.2276292836853 121.56492779874003 121.73358251229489 121.86327721024125 122.03466204077061 122.20410893219093 122.34948321552784 122.36711347756314 122.57652040978552 122.72748814432822 122.31441445316281 123.03335441697203 123.11484864048231 122.09216341470594 122.32531436160127 122.91310701449603 123.69591547506504 123.87460161165643 123.80361285364438
112.1684415118064 112.63444580991748 113.10257425249905 113.5532761859553 113.96302574933887 114.37226582836286 114.80435358791148 115.17654137385853 115.22278479025171 115.58272870311299 115.91576913658373 116.2327376743857 116.64292955309881 117.09713831294634 117.53761440120819 117.97936625949441 118.38285313185806 118.71064680987516 119.03145320455026 119.32488547016736 119.6068259333263 119.85462219989896 120.08354310304405 120.31253482016415 120.5132017762856 120.70325635355753 121.00545428772037 121.10961822575828 121.31928708585963 121.467905593537 121.71366469887164 121.86647331869165 121.98996466481356 122.03689960292337 122.15506518916608 121.87847139995705 121.78402739889671 119.92566448611774 120.15655423449007 121.34725927197348 121.63595153989326 122.58156578060792 122.72431576697211 123.27950255412617
111.50137047109408 111.96622443605318 112.4328815886847 112.88379821924929 113.30143511342919 113.71037759932379 114.10191098984096 114.47530238081688 114.56718059536709 114.9030771342014 115.26583172465008 115.59535140166699 116.04994909417135 116.49924869081323 116.9348976984545 117.34849810524543 117.72577375690328 118.11054509342146 118.43776288352386 118.73334820409913 119.00544960050053 119.25682246896778 119.49024709610083 119.69429553097028 119.88151305631877 120.07460930011858 120.35200229833964 120.52391353354771 120.80272762731893 120.88205193473604 121.13216805851283 121.32024345104685 121.42782455411407 121.52947657271528 121.52293040804247 120.90930848776736 118.15692833748426 120.07650313354148 120.25360424812334 120.78985171531875 121.08031761594603 123.1968413533085 123.02317496341311 122.96642750866145
110.85250070211421 111.2986596139959 111.76626046175566 112.21742752218596 112.64764265148817 113.04558935001336 113.43836861955754 113.56542364210398 113.89797754198085 114.27603704870502 114.65771208077254 115.01060378683395 115.4626058055896 115.90688905359954 116.33515337617789 116.73905539879875 117.18993221393053 117.51093575191106 117.70101622525169 117.87301044518942 118.0121377298826 118.12863635808647 118.23277697463502 118.33484230907064 119.245770668634 119.44182867107114 119.74746470350365 119.96940017605723 120.19024094233899 120.13977716047506 120.5279857129263 120.7076763823826 120.80276580391887 120.88842824191948 120.96834935029398 120.93680496808682 123.54906041258619 123.53476516360615 119.95684931307841 120.19129204801163 120.45394412447561 120.7313438131236 122.50464237563054 122.40241263243121
