hw/01/kriging_test.asc
NCOLS 25
NROWS 25
XLLCENTER 7.0
YLLCENTER 8.0
CELLSIZE 10.0
NODATA_VALUE -9999
-9999 -9999 64.99022714387561 60.58257140163578 59.94860860521947 60.97226003005687 59.35905463098305 62.75508134851472 71.87903294261683 79.7720485765866 85.25950262677381 86.91635009511631 85.92687499179621 88.17073 73.0413345079959 66.72241663116083 60.68131166485948 54.48219534390199 45.30948062804042 40.79852545555002 37.923347905427036 36.20212600000059 34.432739199879585 32.89462045455855 31.618069888854507 
72.83736599706029 67.44667704430047 65.56806 64.07923019402682 64.264752861346 62.37332481126356 60.71780912220275 69.8794331101141 79.81797165752742 86.48856146456328 91.87229000001527 93.94869906564315 92.54885098059265 85.84625887876854 79.3035199369551 73.26508658301745 64.8571813742352 54.827587000001195 46.10748361411925 40.29499250246466 39.87809920220579 38.24436603324449 36.64675535277541 35.48948244688831 34.61665851446719 
74.69483272757384 69.66416309077722 70.4452714403747 65.22334 70.0463161626875 70.9718050480927 71.04765766442131 76.76730021097944 81.59558772356864 93.13565348811235 94.66804017832459 99.2057176435023 97.8135472237477 92.52915325190715 84.92429405214084 77.48201909376428 67.68182239910487 58.75925081092008 46.35506150836692 42.05974435355125 39.95368459807369 39.86293904519198 38.99493321683246 38.350234972278535 37.34549198586407 
71.75839 73.70441732286069 72.57988850086474 73.29015953484614 79.01893532226387 80.17805101134557 81.07902695497626 86.25000000000857 93.24350759474004 99.0330344812497 102.5783836571758 104.055041984615 101.65782546888511 95.72255287204527 88.77167425435994 81.36363 69.67174578929172 57.26744059362386 48.98515185334473 45.15248133910666 42.61974340932887 42.852524956162966 42.37524917822619 41.32233044223147 39.96394569591657 
86.04014 81.6382778131698 79.64261381805936 79.642395 -9999 87.87983882045782 92.43205562361149 98.38862731488089 101.67289709785895 106.6300271277279 108.82186431445496 108.76006561775893 104.93864929979489 103.21429 86.86558612992279 80.55556 68.21110894114713 56.7971712694197 49.92567140829701 48.18813711345475 46.25569497529875 46.59828605469575 45.7196453284158 48.2134261403061 40.777018769377655 
87.60829536831909 88.36722176839922 87.09063667887442 91.20268315792556 93.28997251724931 98.42549133336756 103.64845555505087 108.52649169698591 111.77478934600353 113.01682889708914 113.86829284234341 112.61623863522759 106.90406786214508 98.50434000496901 87.90115946888996 77.66850237123863 68.56782816819768 56.65631970721539 50.575997371223366 49.17729408433547 48.775215616571465 50.21418209846556 49.444239129284135 45.61471446347398 41.418989712481135 
97.91339097154554 94.82537864661681 94.90456755522317 96.8185884819053 105.88177364930915 107.83696396427823 112.67987600861308 117.74365137431329 117.72655430342701 118.79209014641552 119.15316220679576 115.11255392177661 108.3055711315988 98.23455660485203 87.10138304868582 79.26295898517839 67.34541166536836 59.88700005095333 59.027197785323864 63.07509 60.903729645247 57.42803449296868 51.22227254460537 46.40063968924027 41.34252361901804 
103.4117596427265 99.2896962303738 100.97790209372491 104.71792344011212 113.75 114.84464210443555 119.24977023930656 122.75825413101464 124.70189329323 125.66761059996227 124.17597049299124 116.96273542633571 108.34213587734229 97.22057174429102 88.04039903692943 79.13013972384796 72.11969897686507 69.53321540026745 70.72078279797546 65.52788486828597 68.11978526360332 60.599340001674015 51.99886953795236 44.13661102954063 42.910446 
109.28571 109.61338125397207 109.10287957175414 112.2868923969094 113.75 120.38059355315605 124.84910061260658 129.2871211892619 131.32376013074895 132.41026148864663 128.04349731995512 119.59756337746815 108.61208249368552 98.0810030743194 90.60618387834567 85.62208228769664 80.70225431123396 80.13717027528064 79.31021517431809 75.59510964173981 69.43854900973548 60.45325341394859 51.187059941354505 43.24578284553036 40.00000000000001 
110.19017802385429 110.0756088309821 114.92172405039193 117.06301012515814 120.91477598008889 124.01184163871659 128.66425549604304 133.24971077519666 136.90268830254794 135.36485406556926 132.01340207072943 122.74472526687094 112.24460258606892 103.50129308230824 98.11801140809735 94.3020838333934 91.10659837651873 87.98387286394922 84.124740390491 77.42754009643429 69.53436603494605 60.479294785851735 51.46707575704674 43.442377508398245 44.3948646931981 
110.17238791860999 114.85263808827094 120.11504289512612 119.95996613003366 122.05794990897434 126.02352237868814 130.30840230248043 135.91922127621234 139.8048011483881 139.8831959726066 136.85555621619767 129.70960513910296 120.94341607028954 112.83700307326194 107.93302419277663 104.1739512127648 100.16065943246835 94.10282673125533 86.3902056411294 77.89310016355009 69.53767466807558 60.46698673475855 52.80819464591926 45.12674187025626 44.21564 
111.16705218800472 115.61267175076738 117.45874177828006 120.20543411451763 121.84711743179201 126.57641032899008 132.28095131106681 138.03194957999418 140.97583547916165 141.2900979001834 141.80372193664516 136.02379426894075 128.87356426250074 122.89098603205895 117.85693564051279 114.11666380855638 105.49336885754258 97.91198281417144 88.87007522013637 79.54935309667559 69.4545367199815 59.84163809443174 52.19812944367061 46.651877433666826 43.82545865561724 
111.97443016382977 113.8350210029476 116.31451580186464 119.16262226748202 122.9419504594259 129.13741385826978 134.48925854702304 139.24983433032662 142.73426907854707 145.57797457342969 145.95638805581996 143.34286659362493 138.93060761500175 132.2623323720521 125.00307457855126 118.57199401096919 110.333335 101.46473270984966 92.4017705533438 80.30851373064058 69.37205968936013 60.739065229524236 54.38132687856205 50.89936124965166 47.977489698209524 
109.78848429155279 111.61782542321377 114.32961879501657 117.43930659842565 122.78454916020505 129.26337757041722 134.1070858801981 139.14141693492726 143.65554701489822 147.76719698710755 150.46865836002956 149.39343897619608 147.28372102927634 140.7864573994897 130.50628049132848 120.21002473651906 112.56056598023238 104.20067390419452 94.75552341247044 83.29266841423828 73.48275352560913 66.47491048652701 60.734733009631526 56.54392388953649 53.080136106430096 
106.78568346698916 108.92334757003638 112.17076740159928 115.26039910242912 120.63677945736393 126.47817201670283 132.9588858500446 135.3277983162548 141.15470644685976 146.75377208096768 150.59602659234696 149.99999999998508 149.3264619941756 144.79874306326832 135.3859819009531 124.06421118007457 117.87064502580102 110.43287059685667 100.91017478903328 90.03992317701741 82.11906610737341 -9999 65.55556 65.05510510240038 60.37372672988467 
103.56083005545574 105.04612901777898 107.38420132615326 111.43925035741785 116.11983938454392 121.88549188134715 126.86045388837587 132.16735805436988 137.44887317980678 142.9041709012147 147.68177710245496 149.8737402344862 149.21046720188184 148.22494901275013 141.31642460958088 131.68429643089812 123.5482498247725 115.84538522696319 107.32838804603406 99.69512023087395 92.79564785943535 88.86210669953299 91.73077 77.77029178201583 71.72577947455756 
98.6424042219153 100.17703450384819 102.26497202171377 106.10833871921534 111.36615910019431 116.21029260304135 121.42324057224833 127.5658944601688 133.24448570779063 138.4843342936577 145.00491383338542 145.22654183025838 147.20476319785507 147.52651783452745 142.97668338930512 137.8083064233258 121.33549907210312 121.49672253926956 113.1572363160121 107.14718203124596 103.33004774796001 99.63045362648674 94.25767560424674 87.7723971178603 82.91082118419271 
93.23491064386329 94.93072265627809 97.0889127588011 100.53724655623077 102.38594 109.48524530711174 116.48827111113918 123.18290610815495 128.8888899999947 133.2219275773291 137.17741 139.75513985186822 141.2350255750789 142.97325454638406 140.8400674929572 138.73842372037615 134.1017439509297 127.81879658467464 120.37340658867058 116.22744002880202 113.08400983955262 112.7027 104.42125292400291 98.64236700518968 93.66546664259107 
88.02881559390666 88.3729789209965 91.69184286030503 90.38461 -9999 108.54117148554954 111.26181500118007 117.94593324168682 123.3777940995153 126.63462 131.67958217239098 137.17741 135.2709852924588 136.9086091567224 138.2579314719642 139.79985402529877 135.35080174426616 130.5777651380219 127.99023651174036 123.1473863434206 121.39442855991558 121.79858993450992 113.67537 107.58335865560947 102.33793321765555 
82.09792442512911 85.0352256176151 84.45418568760684 86.95424579028888 91.92291416014703 95.75315940602567 107.85101568509052 112.8028723758627 117.89400502060838 122.02655701503922 125.5499733589402 125.5450752720568 129.22667498763042 130.5893040218573 132.86555326109914 -9999 128.67522374062222 130.64107424341137 130.08614845024607 127.73042607423082 124.65611926440383 121.94443999999939 118.04547756920823 113.67537 105.24811907992242 
77.03535917529345 78.46624699750356 78.44174916304175 84.82735544856871 87.60208130996276 96.76355306583622 101.91413340227427 107.44354716110456 111.67051806078042 116.35241739832989 119.4602034154646 121.7086977547474 122.59277538541085 124.52554124312617 126.77397352235255 128.71590353117722 130.0000000000074 129.9999999917813 130.0000000005616 130.15671063553614 127.10907376536838 123.45996219900945 119.52646580167591 112.48623966381501 104.55689726962773 
71.64088840123966 73.26469909121433 72.79972226997387 78.47075322050706 84.66836440666523 91.29970052847636 96.32163330941884 100.08284757785319 105.010715993305 109.36734017837675 113.21308541787094 116.84948995743625 116.76900242750719 117.74593134913611 119.78058166882235 123.61587150899044 126.9279440538399 130.0774785187575 129.9553854131658 130.06662722513823 127.32463285740499 124.10273905422665 120.16715248244242 112.47508062491156 105.15281488982924 
70.11575323275726 69.85932641443132 70.6358068958256 79.00229921567693 80.99964375407009 85.89532093731678 89.77736418238212 93.2598474282094 98.18254951670133 102.5595219649531 106.16776571241058 109.2013128837853 109.61772715897989 110.79658484578661 113.23910534808346 117.39811437563819 121.97588238181837 125.22977016187451 128.12313248583237 129.33302868608433 126.48178906512338 123.1220400097686 120.04227033435417 114.82363159805632 108.87261300553686 
70.0000000000005 69.99999999999676 71.99426871262324 76.46153010361373 77.89171375049273 79.42841050419986 81.83367956014366 85.31549517237701 90.11545308888023 94.55756516019002 98.00529873505523 98.333336 100.28289522207248 101.59285555105775 105.74024234026933 109.93418709843344 116.69951371970555 120.6978483546397 122.76337934051773 121.98218444740138 123.60596547210113 121.83737863867407 119.78017000191674 115.77926571551042 111.26837899464084 
-9999 69.99999999999503 69.999999999999 70.90395649675315 71.5054936181302 69.99999999999869 74.3244360955531 78.46534648928727 82.58059115111466 84.73662567449739 85.64658191626606 90.08133827921596 91.71781795003984 94.69695493025435 98.03209712267332 106.76562736395833 112.32699248607057 115.79348358235795 117.34018503453635 116.75610148395612 120.86963 118.7726959087955 116.80337996905938 -9999 -9999 
