hw/01/kriging.asc
NCOLS 50
NROWS 50
XLLCENTER 4.5
YLLCENTER 5.5
CELLSIZE 5.0
NODATA_VALUE -9999
[rows 19 to 37 of 50, columns 0 to 43 of 50]
109.76766317578677 110.92390864571 112.23799246171174 114.15101101328143 115.29114899811209 117.21583373561562 118.23077656933356 117.99512199871599 119.82851007248232 122.22120420636938 124.45790469883204 126.01073765433512 128.20628024115462 130.67956377407995 132.92008718815865 135.3831289400101 137.58238018193921 138.63011236473048 138.74612349086536 138.83774137629163 136.57829408416896 131.15828125249786 126.39880346941598 121.94922004128452 116.8968979344168 111.78475499260536 107.6711775564335 103.71390089839933 101.15900208373807 99.17989320112434 97.0480530208889 95.3858367149214 93.1173876224299 90.49703617078916 83.82530882475349 92.19164128945735 87.72577258975255 90.2513914561766 79.73800864212453 75.65175682734716 71.62139875202226 67.2496541027975 62.72015904241013 58.70205994784547
109.58062714727157 110.8902940153058 112.83972494838295 114.93178580149883 117.60599073788121 119.33247297555985 120.04279194279195 119.40602410181963 120.42080235247626 122.46670536310828 124.74075637119834 126.91303544379767 128.92776169768882 131.1136391100693 133.94493470516764 136.41516514659483 138.58995711804283 139.82652953724372 140.07592589260003 139.70886720462386 137.86825389498642 132.89032871033783 129.2508330536122 125.35449047954664 120.9491767304287 116.60206950096598 112.97679189579517 109.49100516299751 106.46084134931377 104.03332302331461 102.12298647245166 100.63580412474971 99.03927094469292 96.93745920749963 94.57595819289854 91.72105961085555 76.77830571314125 90.7419246529768 80.15039033195748 76.3591981869943 72.01537554012894 67.30181081727466 62.757542733402715 49.656194687989654
109.49356452163732 111.49360900350143 113.91742155116567 116.23144233646326 118.67313475080866 120.25212688544828 120.09311021679291 120.5161351035249 121.5663632924004 123.24983150230273 125.14258155926703 127.91977160608126 129.5165505992579 132.12464569938064 134.8862769498443 137.5271284755826 139.22792920682645 139.94437447827545 139.98620475943002 139.82116141469763 138.86326676850987 137.02769470947484 133.16407566525618 129.29919855826242 124.45498560416935 120.53071481894355 116.91929819917209 113.88348849167136 112.1021351647941 109.55111590815214 107.7954466838786 105.8163718910624 104.0478287761216 100.62893328462954 96.85262390437319 92.60415683393195 88.2745996275195 92.63753501012681 47.491023894275536 77.40086044247144 71.85489588096289 66.15087965657622 62.72034186007619 57.933546880004805
109.86627386327926 111.87783594074979 114.2870432722321 116.56619785147915 118.2383726314947 119.19138459941401 119.0840289111509 120.34018418967722 121.43748347120635 122.17113329101497 124.85585466325554 127.58923519874112 130.16022515808592 133.11451314630202 136.0031316715972 138.48123109762997 140.1021029198545 140.41810632898822 140.4299793871921 140.36215132848528 140.38164956340253 139.52957476576765 136.56999831730735 132.28325623420028 128.27043902302705 124.85989151527139 121.77014016682858 119.12964245509686 117.35449309906534 114.4264310492342 111.87065630066944 109.54867189197718 107.17222408284249 100.91308830982581 99.78735362158817 94.5052555478022 90.77754187077134 85.95769266854049 -282.039494353462 77.23424771025466 72.87748309312306 66.27082714251519 62.40467913020015 57.5947585911915
110.2884013709098 112.35892342416255 114.65389009779052 115.87602386449853 117.29716800072151 118.31909874710092 118.57169668238625 118.27328388545902 120.29345729097369 126.02406053199802 126.31962168411256 129.76061247200005 130.9983983417684 134.38503168573203 136.33840652038583 139.72661384963925 141.39277895203494 141.78350019533087 142.12824077611052 142.38742749990075 142.5124393411559 142.0025556554803 139.49238855193613 136.02646600753496 132.78659570204996 129.91511682127611 127.30252224672465 124.95026788236537 121.95978687329422 118.24651768315375 116.13107910942061 113.28911047438831 106.29843873665345 105.38788873557661 102.57713689291836 102.34912292453 97.90924489349348 87.66432686550489 82.924121734567 76.6078575596771 71.79076054008748 69.55172484643569 65.03327907025142 57.58544197021486
110.84718135049019 112.8695040856172 114.03907383381203 115.02878309814693 116.21054301487985 117.74773094045139 118.95727645431113 119.2249227456135 122.03804812447704 125.4298482432983 119.38256943512003 151.56140765937297 132.98829023965789 115.3563243951709 138.91450607730894 139.6923032874715 141.96845387151095 143.56789804065306 144.45030277507124 144.61029576658805 144.4074400049248 144.06183278070324 142.57688476896297 140.15251387150767 137.58882991523507 135.16087872331187 132.52963305582335 129.49942736818122 126.78999457177918 119.85459362705978 118.40856609801003 117.44251276366337 112.47596593881758 107.45514625629569 102.9651017207598 100.82615523236092 94.02183270355891 88.49555452056697 82.69244012855671 76.96613608561391 72.1796136823551 66.7270158197708 62.063457545272854 111.29024322680536
110.55418890658011 112.43201251651719 112.93841272719487 113.71863294140044 115.04266738840458 116.8182272554434 118.20941572642067 119.60939478574277 121.69999827681303 124.22125088759327 128.43481732383415 127.78741401666633 133.03492724962126 132.0973126598771 136.55786477470483 140.3256130817138 142.26386581360097 144.20643002597043 145.92546274406044 146.94435824496196 146.91893074954652 146.5131155951376 147.34790013864165 145.1019731592868 142.33625196338608 140.0564825027864 137.0671167575528 133.69211185573133 129.80525211414005 123.89895720293397 120.15321863731263 119.0486697360548 112.92682777648598 108.52846114526254 104.56341451967285 100.62904966564966 98.21804790540003 89.3314969411577 84.15728256181478 78.83905705056694 72.69679552998157 68.4548768717257 63.097115733898136 46.56806773998917
108.63255561938936 111.05574473825642 110.87944599223613 112.71027207416027 114.17584110657096 116.0251952694032 117.0298791005087 119.06363272541041 121.53279573319541 124.59809297877314 130.44357490339712 130.4077507021474 133.98933541092052 135.6000262726611 138.49857403895385 141.63437214571564 142.0865844420971 144.56337221292748 147.00379764375202 148.03335272216802 149.22588633196597 149.18704696040095 148.56808928771198 147.67395112659185 146.57845358331264 144.26876498093583 140.39517460947042 133.94896545681726 127.55536856616547 126.52997458053616 121.71608458943726 118.44485359126062 115.36520310118755 109.7061647678417 106.01988641295989 102.4601035099491 97.60104859727053 91.0742607411412 85.89402705503736 79.96290240164848 74.4732898726096 69.91198377169039 66.58826232469893 62.30519477650455
108.36209620184736 108.95747914612755 110.69233837963407 111.22017771331171 113.43291672273526 114.71574266245128 116.13335793293963 119.04767698805423 120.59507604980465 122.55294994680045 127.13916518718243 131.12717730451163 132.70244210943983 134.639160151043 131.7359675013857 139.65831185698104 145.90214727843957 143.07134106084783 146.57997070069734 148.87870133825194 151.0756990769929 150.327502284523 150.0353381969875 149.61342757069647 148.5222318950837 147.56606776300458 144.78586412101612 140.23025290060994 134.92665506222247 128.9134065603319 123.14542645870947 118.66822331847698 115.55074757252228 110.99764660084233 108.4292891056775 104.36640298352161 100.06172597240939 93.74909100349274 87.49372500888059 82.07548196466534 77.5924507950964 73.60441713988864 72.99390599651029 70.39160587630556
107.32167214769265 107.42684675852989 108.38966140559344 109.65283677220465 111.52208080121632 113.75989646813395 114.83646167883414 117.32960435841362 119.44001104184579 122.18164437919305 113.57382155242962 128.36971998596485 131.28855072590102 136.04988982514269 138.42843943674484 137.4475123099837 140.51419145520902 144.82821770510748 145.78345155068652 148.85623882423667 150.8005779701495 150.33835191047672 149.89098848175047 150.05442647424306 149.93660354240885 149.88407089168797 147.29530680514833 136.0745010166745 136.4417273967913 131.1427876631107 125.28667188284658 121.22926909203231 118.32162247579578 114.42170497670263 109.71735949615666 107.2267130022153 102.5479882249298 96.46049636858618 90.40006706391 85.66299257456444 81.65981552134903 78.32256311989521 76.84530560541849 79.65154740434643
105.61070721096611 106.44144431413599 107.29027706365503 108.95371756798875 110.12902532517994 112.23972611285683 112.80034260726788 116.65762739186843 117.97356520112753 114.9461154051721 123.70025211002309 127.20821785375048 132.18071828394085 133.9195981104997 133.89088908987546 136.58360392529016 138.62565928993234 141.49079206887217 144.58379320967668 147.72080610053987 149.7337586975868 150.78469494995122 149.98129944482096 149.04644742525656 149.5846382122925 150.7514144959762 149.2578207852498 143.62692825110446 139.23809448513862 134.96308446655965 129.07995122144067 123.62437169275701 121.06985058802486 116.8764823576255 113.70086147681985 110.18049428806083 105.47487860182804 99.6342670956787 94.79303424014867 90.41946039208887 86.46090838313324 83.74511933973437 81.83760182003712 80.17998483349105
104.09459136779213 104.76194488093535 105.50825196654108 106.63525105651885 107.72199859984578 109.21201458281996 110.47782268181057 114.13278702207826 116.74080436796578 117.80520425001102 122.0637909058242 125.0119154410598 128.06956512461102 130.1980860617998 131.8716183445754 135.37122455793386 138.53454847702025 140.06176112979668 143.5394920167645 145.26089808961964 147.78580709381103 149.23611937536455 150.05884204057247 149.59269681879422 150.2732677008314 149.45459911737234 149.13558429815475 144.66223063984083 142.6566986567336 138.35870337341316 132.5431638565672 127.96324150461199 124.06751443135857 119.66299068849337 116.37754103646601 112.53619027410429 108.19724171578217 103.25555937813701 99.21629653669521 95.08398696438195 92.33838718740833 89.27855859104437 88.00462026734792 85.48086601842702
102.30876437822741 102.487981824472 103.35642490391257 104.44095607236919 105.56580028188696 106.92032244341121 110.13049626630054 111.30734884175182 114.14300517467409 117.92831260898433 120.08439566230672 121.92222288855413 123.98383417949435 126.89641130931066 129.69434275140046 132.28457978359995 135.32995336043433 158.7800048188402 140.46267445800794 142.81902448239984 145.45216658874273 147.22587704142427 149.06847093498445 149.14868609895908 147.8536772207551 151.10880893912721 150.33785651412703 147.17628410785227 144.3353043852366 139.97584335487733 135.61109501102203 132.14439851994277 128.1565360822655 123.04224745287105 119.25808744771871 115.54931573194949 111.3618205037045 106.71517348130737 102.94569229739439 100.13805519942449 96.70118908113196 94.54204473363718 92.87336261527831 90.5758189914804
100.52793587849098 100.10457931955881 101.00709506415973 101.9703038898696 103.07063191658575 104.2753418052593 105.72649955053538 108.20681556073544 112.05552130175631 114.25988457434919 116.62136288773047 119.01842908711373 121.28352462429261 124.24704037271879 127.08872301776711 129.97290448362097 132.48897526238613 135.56407615335152 138.2208344304574 140.3404094684315 141.72019263807476 143.38005500585462 143.7536795862859 145.6300802089753 149.1343017161272 150.51901516256981 150.0851271530922 146.68754921937983 144.58200055858447 142.4250354569823 138.3675500357318 136.606113151308 131.9038842510031 126.44713982797578 122.36305369064794 118.18948574194334 113.89519275789418 110.10780325156708 106.08541489721419 103.68903086911082 101.7109658943384 99.96528607222841 98.24855452840747 95.99780650199163
98.48121953851337 97.66231638700478 98.12965000155535 99.25846668448261 100.2344018514324 101.82518752287169 103.09893720141946 105.91533708572626 108.46623987274111 111.83344931983133 113.26118553981078 115.86960075598564 118.9707679748869 122.5572756911184 124.80637640714168 127.77077149016026 130.83665598720134 133.60593963747976 135.97421917534194 137.89103863834058 139.2337320195345 138.3601918805207 141.66633951570293 143.18452149952452 144.343674854967 146.37577102205532 147.0886935250713 145.49279124967265 144.1928237231131 142.17552351666174 138.5908728351795 135.27416507254645 133.17577564027056 129.3213943802717 125.38036919306924 121.06822943768188 117.07532491512615 113.19130193141223 110.60798574216334 108.88083679431257 106.96913291243798 105.15481820541528 103.7469414814577 101.44529407475169
95.64426526522223 94.69352761387398 95.16871617779096 96.37162783590576 97.60425105816027 99.10023085663603 101.22943892074589 101.95889012924943 105.29101399825771 108.50078094099592 109.66794559599363 112.43076151614885 115.79922872329348 119.34459135983404 122.6702972771192 125.84859333372651 128.88847651965602 131.38212403364003 133.42787930121676 134.90840158863097 137.22987205606807 139.5101882423009 138.52631154364664 141.6094210642557 141.30718105786002 143.343907385919 143.88679411138986 144.1272649870001 143.4254690429831 141.52529717727384 138.2909773055873 137.20945343171627 136.49178939821127 130.65467346935344 128.4961125890156 124.28665629025039 120.23653968554443 117.39240875106137 115.21414059102119 113.92406628377623 111.35060338732241 110.20709365931253 109.18689643119488 106.64511912583988
91.87100634238897 91.3052495567279 92.12966750094928 93.79696033455123 95.63312624240585 96.72396688269873 97.8621311331013 98.81487730821354 100.97205402855147 102.86645207667016 106.55666307957603 109.49516693119682 112.9384412404527 117.01338884133148 120.49644010375415 123.87435323262092 126.19140866439815 128.51725019769424 130.62818434219605 132.64201010013997 134.71022740475968 136.29511464797383 137.66754115057657 138.38768822623246 140.15075289768646 140.36147154954284 141.4072521422803 141.82103656171674 141.35061726110962 140.08666008675402 140.08270787417223 138.84427676243817 134.87406260458204 133.1038610723638 130.81725694118506 126.91873083952572 123.33486688219716 121.55073429447005 119.11224875244078 118.20456043426381 115.52433132443164 115.17295296671057 113.86774646877143 109.83949293585844
88.72841768544671 87.9271961297755 88.9207788896789 90.65574479697821 93.44773333441341 93.71907518412951 94.12203113852603 94.92465425457488 96.57872387570677 100.33318497333642 108.85554969068704 107.67361944614038 110.08637225962894 114.07105283744126 117.90362961618368 122.90000419264807 122.233781657213 124.51144634628784 128.2808059143321 130.29468614203785 132.07542742129948 133.56048007142786 134.93969711507208 135.96040263328507 135.08559523296964 137.44437801461999 138.82115210248904 139.16456081018893 139.03246574138782 138.92019587661486 140.6453044754369 139.42729805561066 137.4680243542412 134.71427079325213 132.37079385638648 130.16486460793993 127.45313764149915 125.3494089653086 122.09703540399809 120.69575822501037 118.6018075275874 119.0208949662821 117.44292851192081 114.41076122932023
86.3040250786526 86.4457048876619 87.06147015177187 88.57277019081987 89.67689709927295 90.1352408144686 90.13910056117558 91.83708765713678 87.74826384716155 102.27371000005473 98.90462954750677 104.85696825593573 108.14488545137188 111.3679496229214 115.07232325705735 117.86420015558407 120.3885237393131 123.24113276828948 125.78189872892084 127.71782258961147 129.59781848467952 130.72074689193911 131.37265903651488 132.79973546846193 133.37679325633678 133.95394242252883 135.24685896645505 135.69915252259693 136.65019062179732 136.96265124189037 138.94073119995966 137.40006167853184 134.2171301779553 131.78815132042817 131.9919814928149 130.64970929472113 129.75860460872633 127.16148464645869 124.6998626864925 124.14228155503748 122.77018044091396 121.40915172469138 119.95688783317146 117.53902323012709
