hw/01/nn.asc
NCOLS 207
NROWS 231
XLLCENTER 587561.826320024
YLLCENTER 137896.940111098
CELLSIZE 500
[rows 87 to 115 of 231, columns 130 to 194 of 207]
939.602 939.602 710.997 710.997 710.997 710.997 710.997 710.997 696.903 696.903 696.903 696.903 941.894 941.894 941.894 941.894 787.5 787.5 787.5 787.5 787.5 787.5 787.5 620.106 620.106 620.106 620.106 620.106 620.106 620.106 494.501 494.501 494.501 494.501 494.501 494.501 494.501 434.0 434.0 434.0 434.0 434.0 434.0 434.0 434.0 434.0 487.506 487.506 511.0 511.0 572.897 572.897 572.897 572.897 1021.592 1021.592 1021.592 1347.505 1347.505 1347.505 1347.505 1347.505 1377.303 1377.303 1377.303
939.602 710.997 710.997 710.997 710.997 710.997 710.997 710.997 787.591 787.591 882.301 882.301 882.301 941.894 941.894 941.894 787.5 787.5 787.5 787.5 787.5 787.5 787.5 620.106 620.106 620.106 620.106 620.106 620.106 620.106 620.106 494.501 494.501 494.501 494.501 494.501 494.501 434.0 434.0 434.0 434.0 434.0 434.0 434.0 434.0 434.0 487.506 487.506 511.0 434.008 434.008 572.897 572.897 572.897 1021.592 1021.592 1347.505 1347.505 1347.505 1347.505 1347.505 1347.505 1377.303 1377.303 1377.303
710.997 710.997 710.997 710.997 710.997 710.997 710.997 710.997 787.591 787.591 882.301 882.301 882.301 941.894 941.894 941.894 941.894 787.5 787.5 787.5 787.5 787.5 787.5 620.106 620.106 620.106 620.106 620.106 620.106 620.106 620.106 494.501 494.501 494.501 494.501 494.501 435.201 434.0 434.0 434.0 434.0 434.0 434.0 434.0 434.0 434.0 487.506 434.008 434.008 434.008 434.008 434.008 434.008 434.008 1021.592 1021.592 1347.505 1347.505 1347.505 1347.505 1347.505 1377.303 1377.303 1377.303 1377.303
710.997 710.997 710.997 710.997 710.997 710.997 710.997 787.591 787.591 787.591 882.301 882.301 882.301 882.301 941.894 941.894 941.894 941.894 787.5 787.5 787.5 787.5 787.5 620.106 620.106 620.106 620.106 620.106 620.106 675.401 675.401 494.501 494.501 494.501 435.201 435.201 435.201 435.201 434.0 434.0 434.0 434.0 434.0 434.0 434.0 434.0 434.008 434.008 434.008 434.008 434.008 434.008 434.008 434.008 434.008 1347.505 1347.505 1347.505 1347.505 1347.505 1364.809 1364.809 1377.303 1377.303 1377.303
816.705 816.705 710.997 710.997 710.997 710.997 787.591 787.591 787.591 787.591 787.591 882.301 882.301 882.301 941.894 941.894 941.894 941.894 787.5 787.5 787.5 787.5 1232.79 620.106 620.106 620.106 620.106 675.401 675.401 675.401 675.401 675.401 494.501 435.201 435.201 435.201 435.201 435.201 434.0 434.0 434.0 434.0 434.0 434.0 434.0 434.0 434.0 434.008 434.008 434.008 434.008 434.008 434.008 434.008 434.008 434.008 1347.505 1347.505 1347.505 1364.809 1364.809 1364.809 1364.809 1364.809 959.603
816.705 816.705 816.705 816.705 842.1 842.1 787.591 787.591 787.591 787.591 787.591 882.301 882.301 882.301 882.301 941.894 941.894 941.894 941.894 1161.889 1161.889 1232.79 1232.79 1232.79 1232.79 675.401 675.401 675.401 675.401 675.401 675.401 675.401 675.401 435.201 435.201 435.201 435.201 435.201 435.201 434.0 434.0 434.0 434.0 434.0 434.0 434.0 434.0 434.008 434.008 434.008 434.008 434.008 434.008 434.008 434.008 434.0 1347.505 1364.809 1364.809 1364.809 1364.809 1364.809 1364.809 1364.809 959.603
993.309 816.705 816.705 816.705 842.1 842.1 799.004 787.591 787.591 787.591 787.591 882.301 882.301 882.301 882.301 882.301 941.894 941.894 1161.889 1161.889 1161.889 1232.79 1232.79 1232.79 1311.103 675.401 675.401 675.401 675.401 675.401 675.401 675.401 675.401 435.201 435.201 435.201 434.0 434.0 434.0 434.0 434.0 434.0 434.0 434.0 434.0 434.0 434.0 434.008 434.008 434.008 434.008 434.008 434.0 434.0 434.0 434.0 434.0 876.093 876.093 876.093 876.093 876.093 876.093 1364.809 1235.101
993.309 993.309 816.705 842.1 842.1 842.1 799.004 799.004 787.591 787.591 787.591 787.591 882.301 882.301 882.301 882.301 941.894 1161.889 1161.889 1161.889 1161.889 1232.79 1232.79 1311.103 1311.103 866.394 866.394 675.401 675.401 675.401 675.401 675.401 675.401 434.0 434.0 434.0 434.0 434.0 434.0 484.189 434.0 434.0 434.0 434.0 434.0 434.0 434.0 438.701 434.008 434.0 434.0 434.0 434.0 434.0 434.0 434.0 434.0 876.093 876.093 876.093 876.093 876.093 876.093 876.093 1235.101
993.309 1100.004 1100.004 842.1 842.1 842.1 799.004 799.004 799.004 787.591 787.591 787.591 882.301 882.301 882.301 882.301 882.301 1161.889 1161.889 1161.889 1161.889 1232.79 1311.103 1311.103 1311.103 866.394 866.394 866.394 866.394 675.401 675.401 675.401 675.401 434.0 434.0 434.0 434.0 434.0 484.189 484.189 484.189 434.0 434.0 434.0 434.0 438.701 438.701 438.701 438.701 434.0 434.0 434.0 434.0 434.0 434.0 434.0 434.0 434.0 876.093 876.093 876.093 876.093 876.093 434.0 434.0
1100.004 1100.004 1100.004 842.1 842.1 842.1 799.004 799.004 799.004 799.004 787.591 787.591 882.301 882.301 882.301 882.301 1161.889 1161.889 1161.889 1161.889 1161.889 1311.103 1311.103 1311.103 1311.103 866.394 866.394 866.394 866.394 866.394 830.887 830.887 830.887 434.0 434.0 434.0 434.0 484.189 484.189 484.189 484.189 434.0 434.0 434.0 438.701 438.701 438.701 438.701 438.701 434.0 434.0 434.0 434.0 434.0 434.0 434.0 434.0 434.0 434.0 434.0 434.0 434.0 434.0 434.0 434.0
1100.004 1100.004 1100.004 1100.004 930.803 930.803 930.803 930.803 930.803 799.004 787.591 1754.402 1754.402 1754.402 1754.402 1754.402 1161.889 1161.889 1161.889 1161.889 1161.889 1311.103 1311.103 1311.103 866.394 866.394 866.394 866.394 866.394 830.887 830.887 830.887 830.887 434.0 434.0 434.0 484.189 484.189 484.189 484.189 484.189 484.189 446.592 446.592 438.701 438.701 438.701 438.701 438.701 434.0 434.0 434.0 434.0 434.0 434.0 434.0 434.0 434.0 434.0 434.0 434.0 434.0 434.0 434.0 434.0
1100.004 1100.004 1100.004 930.803 930.803 930.803 930.803 930.803 930.803 930.803 1754.402 1754.402 1754.402 1754.402 1754.402 1754.402 1357.487 1161.889 1161.889 1161.889 1161.889 1311.103 1311.103 1311.103 866.394 866.394 866.394 866.394 830.887 830.887 830.887 830.887 830.887 434.0 434.0 484.189 484.189 484.189 484.189 484.189 484.189 446.592 446.592 446.592 446.592 438.701 438.701 438.701 462.701 462.701 434.0 434.0 434.0 434.0 434.0 434.0 434.0 434.0 434.0 434.0 434.0 434.0 434.0 434.0 434.0
820.692 1100.004 1100.004 930.803 930.803 930.803 930.803 930.803 930.803 930.803 1754.402 1754.402 1754.402 1754.402 1754.402 1357.487 1357.487 1489.905 1489.905 1489.905 1489.905 1489.905 1311.103 1311.103 866.394 866.394 830.887 830.887 830.887 830.887 830.887 830.887 830.887 830.887 434.0 484.189 484.189 447.893 447.893 447.893 447.893 446.592 446.592 446.592 446.592 438.701 438.701 462.701 462.701 462.701 434.0 434.0 434.0 434.0 434.0 434.0 434.0 434.0 434.0 434.0 434.0 434.0 434.0 434.0 434.0
820.692 820.692 1040.008 930.803 930.803 930.803 930.803 930.803 930.803 1754.402 1754.402 1754.402 1754.402 1754.402 1754.402 1357.487 1357.487 1489.905 1489.905 1489.905 1489.905 1489.905 1489.905 1489.905 866.394 830.887 830.887 830.887 830.887 830.887 830.887 830.887 434.0 434.0 447.893 447.893 447.893 447.893 447.893 447.893 447.893 446.592 446.592 446.592 446.592 446.592 438.701 462.701 462.701 462.701 462.701 434.0 434.0 434.0 434.0 434.0 434.0 434.0 434.0 434.0 434.0 434.0 434.0 434.0 434.0
820.692 820.692 1040.008 1040.008 1040.008 930.803 930.803 930.803 1514.59 1514.59 1754.402 1754.402 1754.402 1754.402 1357.487 1357.487 1357.487 1489.905 1489.905 1489.905 1489.905 1489.905 1489.905 1489.905 1489.905 830.887 830.887 830.887 830.887 434.0 434.0 434.0 434.0 434.0 691.903 447.893 447.893 447.893 447.893 447.893 447.893 447.893 446.592 446.592 446.592 446.592 682.416 462.701 462.701 462.701 462.701 966.208 966.208 966.208 966.208 434.0 434.0 434.0 434.0 434.0 434.0 434.0 434.0 434.0 434.0
820.692 1040.008 1040.008 1040.008 1040.008 1040.008 1040.008 1514.59 1514.59 1514.59 1514.59 1754.402 1754.402 1357.487 1357.487 1357.487 1357.487 1489.905 1489.905 1489.905 1489.905 1489.905 1489.905 1489.905 447.695 447.695 447.695 434.0 434.0 434.0 434.0 434.0 434.0 434.0 691.903 691.903 447.893 447.893 447.893 447.893 447.893 447.893 446.592 446.592 446.592 682.416 682.416 682.416 682.416 462.701 966.208 966.208 966.208 966.208 966.208 993.89 993.89 993.89 993.89 880.893 880.893 880.893 880.893 880.893 880.893
820.692 1040.008 1040.008 1040.008 1040.008 1040.008 1040.008 1514.59 1514.59 1514.59 1514.59 1514.59 1514.59 1357.487 1357.487 1357.487 1357.487 1489.905 1489.905 1489.905 1489.905 1489.905 1489.905 1489.905 447.695 447.695 447.695 447.695 434.0 434.0 434.0 434.0 434.0 434.0 691.903 691.903 691.903 447.893 447.893 447.893 447.893 447.893 446.592 446.592 682.416 682.416 682.416 682.416 682.416 682.416 966.208 966.208 966.208 966.208 966.208 993.89 993.89 993.89 993.89 880.893 880.893 880.893 880.893 880.893 880.893
820.692 1040.008 1040.008 1040.008 1040.008 1040.008 1040.008 1514.59 1514.59 1514.59 1514.59 1514.59 1514.59 1357.487 1357.487 1357.487 1357.487 1489.905 1489.905 1489.905 1489.905 1489.905 1489.905 447.695 447.695 447.695 447.695 447.695 434.0 434.0 434.0 434.0 434.0 691.903 691.903 691.903 691.903 691.903 691.903 447.893 447.893 447.893 446.592 682.416 682.416 682.416 682.416 682.416 682.416 682.416 966.208 966.208 966.208 966.208 966.208 993.89 993.89 993.89 993.89 880.893 880.893 880.893 880.893 880.893 880.893
1613.393 1613.393 1040.008 1040.008 1040.008 1040.008 1238.707 1514.59 1514.59 1514.59 1514.59 1514.59 1514.59 1357.487 1357.487 1357.487 1357.487 1489.905 1489.905 1489.905 1489.905 1489.905 1489.905 459.813 459.813 447.695 447.695 447.695 447.695 434.0 434.0 434.0 434.0 691.903 691.903 691.903 691.903 691.903 691.903 691.903 447.893 447.893 682.416 682.416 682.416 682.416 682.416 682.416 682.416 966.208 966.208 966.208 966.208 966.208 993.89 993.89 993.89 993.89 993.89 880.893 880.893 880.893 880.893 1386.207 1386.207
1613.393 1613.393 1613.393 1238.707 1238.707 1238.707 1238.707 1238.707 1514.59 1514.59 1514.59 1514.59 1514.59 1514.59 1357.487 1357.487 1357.487 1489.905 1489.905 1489.905 1489.905 1489.905 473.79 473.79 459.813 459.813 447.695 447.695 447.695 447.695 434.0 434.0 691.903 691.903 691.903 691.903 691.903 691.903 691.903 691.903 691.903 691.903 682.416 682.416 682.416 682.416 682.416 682.416 682.416 966.208 966.208 966.208 966.208 966.208 993.89 993.89 993.89 993.89 993.89 880.893 880.893 880.893 1386.207 1386.207 1386.207
1613.393 1613.393 1613.393 1238.707 1238.707 1238.707 1238.707 1238.707 1238.707 1514.59 1514.59 1514.59 1514.59 1514.59 1357.487 1357.487 1357.487 1340.41 1340.41 1489.905 1489.905 473.79 473.79 473.79 473.79 459.813 459.813 459.813 447.695 447.695 447.695 434.0 691.903 691.903 691.903 691.903 691.903 691.903 691.903 691.903 691.903 691.903 856.893 856.893 856.893 856.893 856.893 856.893 856.893 856.893 1630.612 1630.612 1630.612 1630.612 1630.612 993.89 993.89 993.89 993.89 1852.004 880.893 1386.207 1386.207 1386.207 1386.207
1613.393 1613.393 1613.393 1238.707 1238.707 1237.289 1237.289 1237.289 1237.289 1514.59 1514.59 1428.19 1428.19 1428.19 1428.19 1428.19 1340.41 1340.41 1340.41 1340.41 1340.41 473.79 473.79 473.79 473.79 473.79 473.79 459.813 459.813 459.813 447.695 1880.113 1880.113 1880.113 1880.113 1880.113 1880.113 1880.113 1880.113 1880.113 1880.113 1880.113 856.893 856.893 856.893 856.893 856.893 856.893 856.893 856.893 1630.612 1630.612 1630.612 1630.612 1630.612 1630.612 1852.004 1852.004 1852.004 1852.004 1852.004 1386.207 1386.207 1386.207 1386.207
1613.393 1613.393 1613.393 1237.289 1237.289 1237.289 1237.289 1237.289 1237.289 1428.19 1428.19 1428.19 1428.19 1428.19 1428.19 1428.19 1340.41 1340.41 1340.41 1340.41 1340.41 646.703 473.79 473.79 473.79 473.79 459.108 459.108 459.108 459.108 615.789 615.789 1880.113 1880.113 1880.113 1880.113 1880.113 1880.113 1880.113 1880.113 1880.113 1880.113 856.893 856.893 856.893 856.893 856.893 856.893 856.893 856.893 1630.612 1630.612 1630.612 1630.612 1630.612 1630.612 1852.004 1852.004 1852.004 1852.004 1852.004 1852.004 1386.207 1386.207 1386.207
1613.393 1613.393 1237.289 1237.289 1237.289 1237.289 1237.289 1237.289 1237.289 1428.19 1428.19 1428.19 1428.19 1428.19 1428.19 1428.19 1340.41 1340.41 1340.41 1340.41 646.703 646.703 646.703 459.108 459.108 459.108 459.108 459.108 459.108 615.789 615.789 615.789 1075.208 1075.208 1880.113 1880.113 1880.113 1880.113 1880.113 1880.113 1880.113 1880.113 856.893 856.893 856.893 856.893 856.893 856.893 856.893 856.893 1416.585 1630.612 1630.612 1630.612 1630.612 1630.612 1852.004 1852.004 1852.004 1852.004 1852.004 1852.004 1852.004 1386.207 1386.207
1613.393 1237.289 1237.289 1237.289 1237.289 1237.289 1237.289 1237.289 1237.289 1428.19 1428.19 1428.19 1428.19 1428.19 1428.19 1428.19 1340.41 1340.41 1340.41 1340.41 646.703 646.703 646.703 646.703 458.996 458.996 458.996 459.108 459.108 615.789 615.789 615.789 1075.208 1075.208 1075.208 1880.113 1880.113 1880.113 1880.113 1880.113 1880.113 1880.113 1034.591 1034.591 856.893 856.893 856.893 1179.413 1179.413 1179.413 1416.585 1416.585 1630.612 1630.612 1630.612 1630.612 1852.004 1852.004 1852.004 1852.004 1852.004 1852.004 1852.004 1098.799 1098.799
1613.393 1237.289 1237.289 1237.289 1237.289 1237.289 1452.909 1452.909 1452.909 1428.19 1428.19 1428.19 1428.19 1428.19 1428.19 1428.19 1340.41 1340.41 1340.41 1340.41 646.703 646.703 646.703 646.703 458.996 458.996 458.996 458.996 615.789 615.789 615.789 615.789 1075.208 1075.208 1075.208 1075.208 1075.208 1880.113 1880.113 1880.113 1880.113 1034.591 1034.591 1034.591 1034.591 1034.591 1034.591 1179.413 1179.413 1416.585 1416.585 1416.585 1416.585 1416.585 1630.612 1852.004 1852.004 1852.004 1852.004 1852.004 1852.004 1852.004 1098.799 1098.799 1098.799
1474.91 1454.211 1454.211 1454.211 1454.211 1452.909 1452.909 1452.909 1452.909 1452.909 1428.19 1428.19 1428.19 1428.19 1428.19 1212.698 1340.41 1340.41 1340.41 1340.41 646.703 646.703 646.703 646.703 458.996 458.996 458.996 458.996 615.31 615.31 615.31 615.789 1075.208 1075.208 1075.208 1075.208 1075.208 1075.208 1075.208 1880.113 1880.113 1034.591 1034.591 1034.591 1034.591 1034.591 1034.591 1034.591 1179.413 1416.585 1416.585 1416.585 1416.585 1416.585 1416.585 1852.004 1852.004 1852.004 1852.004 1852.004 1852.004 1852.004 1098.799 1098.799 1098.799
1474.91 1454.211 1454.211 1454.211 1454.211 1452.909 1452.909 1452.909 1452.909 1452.909 1428.19 1428.19 1428.19 1428.19 1212.698 1212.698 1212.698 1212.698 1340.41 1340.41 646.703 646.703 646.703 646.703 458.996 458.996 458.996 665.696 665.696 615.31 615.31 615.31 1075.208 1075.208 1075.208 1075.208 1075.208 1075.208 1075.208 1075.208 1075.208 1034.591 1034.591 1034.591 1034.591 1034.591 1034.591 1034.591 1034.591 1416.585 1416.585 1416.585 1416.585 1416.585 1416.585 1852.004 1852.004 1852.004 1852.004 1852.004 1664.965 1664.965 1098.799 1098.799 1098.799
1474.91 1474.91 1454.211 1454.211 1454.211 1454.211 1452.909 1452.909 1452.909 1452.909 1072.79 1072.79 1072.79 1072.79 1212.698 1212.698 1212.698 1212.698 785.095 785.095 785.095 646.703 646.703 646.703 646.703 458.996 665.696 665.696 665.696 665.696 665.696 665.696 665.696 1075.208 1075.208 1075.208 1075.208 1075.208 1075.208 1551.913 1551.913 1193.094 1193.094 1193.094 1034.591 1034.591 1034.591 1034.591 1034.591 1416.585 1416.585 1416.585 1416.585 1416.585 1416.585 1416.585 1852.004 1664.965 1664.965 1664.965 1664.965 1664.965 1664.965 1098.799 1098.799
