hw/01/nn.asc
NCOLS 207
NROWS 231
XLLCENTER 587561.826320024
YLLCENTER 137896.940111098
CELLSIZE 500
[rows 116 to 144 of 231, columns 65 to 129 of 207]
771.903 771.903 771.903 771.903 771.903 816.209 816.209 992.807 992.807 992.807 992.807 850.223 850.223 850.223 716.39 896.998 896.998 896.998 846.195 972.103 972.103 1013.201 1013.201 887.606 887.606 887.606 1120.404 1120.404 1120.404 1120.404 799.395 799.395 799.395 814.398 814.398 814.398 814.398 950.492 950.492 950.492 950.492 950.492 1045.192 1045.192 1045.192 1637.002 1637.002 1637.002 1637.002 1369.413 1359.209 1359.209 1359.209 1359.209 1359.209 1359.209 1359.209 1359.209 1739.806 1739.806 1739.806 1739.806 1739.806 1474.91 1474.91
771.903 771.903 771.903 771.903 816.209 816.209 816.209 992.807 992.807 992.807 992.807 992.807 850.223 850.223 716.39 716.39 896.998 896.998 846.195 846.195 972.103 1013.201 1013.201 887.606 887.606 887.606 1120.404 1120.404 1120.404 1132.198 1132.198 799.395 799.395 799.395 814.398 814.398 950.492 950.492 950.492 950.492 950.492 950.492 1045.192 1045.192 1637.002 1637.002 1637.002 1637.002 1369.413 1204.807 1204.807 1359.209 1359.209 1359.209 1359.209 1359.209 1359.209 1359.209 1739.806 1739.806 1739.806 1739.806 1739.806 1474.91 1474.91
831.397 771.903 771.903 771.903 816.209 816.209 816.209 955.092 992.807 992.807 992.807 992.807 850.223 850.223 716.39 716.39 716.39 716.39 846.195 846.195 1013.201 1013.201 1013.201 887.606 887.606 887.606 1120.404 1120.404 1132.198 1132.198 1132.198 994.791 994.791 799.395 799.395 814.398 950.492 950.492 950.492 950.492 950.492 950.492 950.492 1637.002 1637.002 1637.002 1637.002 1369.413 1369.413 1204.807 1204.807 1204.807 1359.209 1359.209 1359.209 1359.209 1359.209 1739.806 1739.806 1739.806 1739.806 1739.806 1739.806 1479.1 1474.91
831.397 771.903 771.903 816.209 816.209 816.209 816.209 955.092 955.092 992.807 992.807 992.807 992.807 850.223 716.39 716.39 716.39 716.39 846.195 846.195 1013.201 1058.904 1058.904 1058.904 1075.104 1075.104 1109.106 1109.106 1132.198 1132.198 994.791 994.791 994.791 994.791 994.791 825.212 825.212 950.492 950.492 950.492 950.492 950.492 1637.002 1637.002 1494.304 1494.304 1369.413 1369.413 1204.807 1204.807 1204.807 1204.807 1359.209 1359.209 1359.209 1359.209 1359.209 1739.806 1739.806 1739.806 1739.806 1479.1 1479.1 1479.1 1764.706
831.397 831.397 816.209 816.209 816.209 816.209 955.092 955.092 955.092 955.092 992.807 992.807 992.807 850.223 716.39 716.39 716.39 716.39 846.195 1058.904 1058.904 1058.904 1058.904 1075.104 1075.104 1075.104 1109.106 1109.106 1109.106 1109.106 994.791 994.791 994.791 994.791 891.106 825.212 825.212 825.212 950.492 950.492 950.492 950.492 1415.712 1415.712 1415.712 1415.712 1369.413 1369.413 1204.807 1204.807 1204.807 1204.807 955.893 955.893 1359.209 1359.209 1739.806 1739.806 1739.806 1739.806 1479.1 1479.1 1479.1 1764.706 1764.706
902.002 831.397 816.209 816.209 816.209 816.209 955.092 955.092 955.092 955.092 955.092 849.805 992.807 850.223 716.39 716.39 716.39 789.303 789.303 789.303 1058.904 1058.904 1058.904 1075.104 983.601 983.601 1109.106 1109.106 1109.106 1109.106 994.791 994.791 891.106 891.106 891.106 825.212 825.212 825.212 825.212 950.492 950.492 1415.712 1415.712 1415.712 1415.712 1415.712 1369.413 1204.807 1204.807 1204.807 1204.807 1204.807 955.893 955.893 955.893 955.893 1739.806 1739.806 1479.1 1479.1 1479.1 1479.1 1479.1 1764.706 1764.706
902.002 947.398 947.398 947.398 947.398 1123.399 1123.399 1112.59 955.092 955.092 849.805 849.805 849.805 786.709 786.709 786.709 789.303 789.303 789.303 789.303 789.303 1058.904 983.601 983.601 983.601 983.601 1156.994 1109.106 1109.106 1109.106 1109.106 891.106 891.106 891.106 825.212 825.212 825.212 825.212 825.212 825.212 1436.901 1415.712 1415.712 1415.712 1415.712 1415.712 1369.413 1160.393 1160.393 1204.807 1204.807 955.893 955.893 955.893 955.893 955.893 955.893 1479.1 1479.1 1479.1 1479.1 1479.1 1479.1 1764.706 1764.706
947.398 947.398 947.398 947.398 947.398 1123.399 1123.399 1112.59 1112.59 849.805 849.805 849.805 849.805 786.709 786.709 786.709 789.303 789.303 789.303 789.303 789.303 789.303 983.601 983.601 983.601 1156.994 1156.994 1156.994 1109.106 1109.106 1109.106 891.106 891.106 891.106 825.212 825.212 825.212 825.212 825.212 1436.901 1436.901 1436.901 1415.712 1415.712 1415.712 1415.712 1160.393 1160.393 1160.393 1160.393 1160.393 955.893 955.893 955.893 955.893 955.893 955.893 1479.1 1479.1 1479.1 1479.1 1479.1 1479.1 1764.706 1764.706
947.398 947.398 947.398 947.398 947.398 1123.399 1123.399 1112.59 1112.59 849.805 849.805 849.805 849.805 786.709 786.709 786.709 786.709 789.303 789.303 789.303 789.303 789.303 983.601 983.601 1156.994 1156.994 1156.994 1156.994 1156.994 1156.994 891.106 891.106 891.106 891.106 825.212 825.212 825.212 825.212 1436.901 1436.901 1436.901 1436.901 1436.901 1598.993 1598.993 1598.993 1160.393 1160.393 1160.393 1160.393 1160.393 955.893 955.893 955.893 955.893 955.893 955.893 955.893 1479.1 1479.1 1479.1 1479.1 1479.1 1764.706 1764.706
947.398 947.398 947.398 947.398 947.398 1123.399 860.003 860.003 860.003 849.805 849.805 849.805 786.709 786.709 786.709 786.709 786.709 789.303 789.303 789.303 789.303 789.303 789.303 1156.994 1156.994 1156.994 1156.994 1156.994 1156.994 1156.994 1085.989 891.106 891.106 891.106 825.212 825.212 825.212 1436.901 1436.901 1436.901 1436.901 1436.901 1436.901 1598.993 1598.993 1598.993 1598.993 1598.993 1160.393 1160.393 1160.393 955.893 955.893 955.893 955.893 955.893 955.893 1472.995 1472.995 1472.995 1472.995 1472.995 1402.603 1764.706 1764.706
908.697 908.697 908.697 908.697 975.208 860.003 860.003 860.003 860.003 860.003 849.805 849.805 786.709 786.709 786.709 786.709 786.709 789.303 789.303 789.303 789.303 789.303 789.303 1156.994 1156.994 1156.994 1156.994 1156.994 1156.994 1085.989 1085.989 1085.989 1085.989 1085.989 1100.993 825.212 1436.901 1436.901 1436.901 1436.901 1436.901 1436.901 1436.901 1598.993 1598.993 1598.993 1598.993 1598.993 1598.993 1598.993 1160.393 955.893 955.893 955.893 955.893 955.893 1472.995 1472.995 1472.995 1472.995 1472.995 1472.995 1402.603 1402.603 1402.603
908.697 908.697 908.697 908.697 975.208 975.208 860.003 860.003 860.003 860.003 860.003 849.805 786.709 786.709 786.709 786.709 786.709 1142.599 789.303 789.303 789.303 789.303 789.303 1156.994 1156.994 1156.994 1156.994 1156.994 1085.989 1085.989 1085.989 1085.989 1085.989 1085.989 1100.993 1100.993 1100.993 1436.901 1436.901 1436.901 1436.901 1436.901 1436.901 1751.508 1598.993 1598.993 1598.993 1598.993 1598.993 1598.993 1598.993 955.893 955.893 955.893 955.893 955.893 1472.995 1472.995 1472.995 1472.995 1472.995 1472.995 1402.603 1402.603 1402.603
908.697 908.697 908.697 908.697 975.208 975.208 975.208 860.003 860.003 860.003 860.003 1123.5 1123.5 786.709 786.709 1142.599 1142.599 1142.599 1142.599 1142.599 789.303 789.303 789.303 1156.994 1156.994 1156.994 1156.994 1085.989 1085.989 1085.989 1085.989 1085.989 1085.989 1100.993 1100.993 1100.993 1100.993 1436.901 1436.901 1436.901 1436.901 1436.901 1751.508 1751.508 1751.508 1598.993 1598.993 1598.993 1598.993 1598.993 1598.993 955.893 955.893 1320.6 1320.6 1472.995 1472.995 1472.995 1472.995 1472.995 1472.995 1472.995 1402.603 1402.603 1402.603
908.697 908.697 908.697 908.697 975.208 975.208 975.208 975.208 988.0 988.0 1123.5 1123.5 1123.5 1123.5 1142.599 1142.599 1142.599 1142.599 1142.599 1142.599 1142.599 1142.599 1142.599 871.294 1156.994 1156.994 1085.989 1085.989 1085.989 1085.989 1085.989 1085.989 1085.989 1100.993 1100.993 1100.993 1100.993 1100.993 1436.901 1436.901 1436.901 1751.508 1751.508 1751.508 1751.508 1751.508 1598.993 1598.993 1598.993 1598.993 1598.993 1320.6 1320.6 1320.6 1320.6 1320.6 1472.995 1472.995 1472.995 1472.995 1472.995 1402.603 1402.603 1402.603 1402.603
1065.104 1065.104 1065.104 1065.104 975.208 975.208 975.208 988.0 988.0 988.0 1123.5 1123.5 1123.5 1123.5 1123.5 1142.599 1142.599 1142.599 1142.599 1142.599 1142.599 1142.599 1287.509 871.294 871.294 871.294 871.294 1085.989 1085.989 1085.989 1085.989 1085.989 1085.989 1100.993 1100.993 1100.993 1100.993 1100.993 1436.901 1436.901 1751.508 1751.508 1751.508 1751.508 1751.508 1751.508 1751.508 1395.211 1395.211 1395.211 1395.211 1320.6 1320.6 1320.6 1320.6 1320.6 1320.6 1472.995 1472.995 1472.995 1472.995 1402.603 1402.603 1402.603 1206.693
1065.104 1065.104 1065.104 1065.104 1065.104 975.208 988.0 988.0 988.0 988.0 1123.5 1123.5 1123.5 1123.5 1123.5 1142.599 1142.599 1142.599 1142.599 1142.599 1287.509 1287.509 1287.509 871.294 871.294 871.294 871.294 871.294 1085.989 1085.989 1085.989 1085.989 1100.993 1100.993 1100.993 1100.993 1100.993 1100.993 1099.696 1436.901 1751.508 1751.508 1751.508 1751.508 1751.508 1751.508 1395.211 1395.211 1395.211 1395.211 1395.211 1320.6 1320.6 1320.6 1320.6 1320.6 1320.6 1320.6 1472.995 1472.995 1472.995 1251.705 1251.705 1251.705 1206.693
1065.104 1065.104 1065.104 1065.104 1065.104 982.405 988.0 988.0 988.0 988.0 1100.307 1100.307 1100.307 1100.307 1100.307 1142.599 1142.599 1142.599 1142.599 1287.509 1287.509 1287.509 1287.509 871.294 871.294 871.294 871.294 871.294 871.294 1085.989 1085.989 1085.989 1100.993 1100.993 1100.993 1099.696 1099.696 1099.696 1099.696 2005.809 2005.809 2005.809 1751.508 1751.508 1751.508 1395.211 1395.211 1395.211 1395.211 1395.211 1395.211 1320.6 1320.6 1320.6 1320.6 1320.6 1320.6 1320.6 1515.912 1515.912 1515.912 1251.705 1251.705 1251.705 1251.705
1065.104 1065.104 1065.104 1065.104 982.405 982.405 982.405 1012.211 1012.211 1012.211 1100.307 1100.307 1100.307 1100.307 1100.307 1100.307 1142.599 1142.599 1287.509 1287.509 1287.509 1287.509 1287.509 871.294 871.294 871.294 871.294 871.294 871.294 871.294 1085.989 1085.989 1099.696 1099.696 1099.696 1099.696 1099.696 1099.696 1099.696 2005.809 2005.809 2005.809 2005.809 2005.809 1668.098 1668.098 1395.211 1395.211 1395.211 1395.211 1358.309 1320.6 1320.6 1320.6 1320.6 1320.6 1320.6 1209.506 1515.912 1515.912 1515.912 1549.103 1549.103 1549.103 1251.705
1102.696 1065.104 1065.104 1065.104 982.405 982.405 982.405 1012.211 1012.211 1013.712 1013.712 1100.307 1100.307 1100.307 1100.307 1100.307 1287.509 1287.509 1287.509 1287.509 1287.509 1287.509 1287.509 871.294 871.294 871.294 871.294 871.294 871.294 871.294 871.294 1099.696 1099.696 1099.696 1099.696 1099.696 1099.696 1099.696 1099.696 2005.809 2005.809 2005.809 2005.809 1668.098 1668.098 1668.098 1395.211 1395.211 1395.211 1358.309 1358.309 1358.309 1320.6 1320.6 1320.6 1320.6 1209.506 1209.506 1515.912 1515.912 1515.912 1578.492 1549.103 1549.103 1549.103
1102.696 1065.104 856.9 856.9 856.9 982.405 982.405 1013.712 1013.712 1013.712 1013.712 1100.307 1100.307 1100.307 1100.307 1100.307 1287.509 1287.509 1287.509 1287.509 1287.509 1287.509 1287.509 871.294 871.294 871.294 871.294 871.294 871.294 871.294 1340.788 1099.696 1099.696 1099.696 1099.696 1099.696 1099.696 1099.696 962.594 962.594 2005.809 2005.809 2005.809 1609.408 1668.098 1668.098 1668.098 1395.211 1358.309 1358.309 1358.309 1358.309 1358.309 1320.6 1209.506 1209.506 1209.506 1209.506 1209.506 1515.912 1515.912 1485.505 1578.492 1578.492 1549.103
1102.696 856.9 856.9 856.9 856.9 856.9 1013.712 1013.712 1013.712 1013.712 1013.712 1013.712 1100.307 1100.307 1100.307 1169.506 1287.509 1287.509 1287.509 1288.196 1288.196 1288.196 1288.196 871.294 871.294 871.294 871.294 871.294 871.294 1340.788 1340.788 1340.788 1099.696 1099.696 1099.696 1099.696 962.594 962.594 962.594 962.594 2005.809 2005.809 1609.408 1609.408 1609.408 1668.098 1668.098 1358.309 1358.309 1358.309 1358.309 1358.309 1358.309 1209.506 1209.506 1209.506 1209.506 1209.506 1209.506 1485.505 1485.505 1485.505 1578.492 1578.492 1578.492
1102.696 856.9 856.9 856.9 856.9 856.9 856.9 1013.712 1013.712 1013.712 1013.712 1013.712 1123.805 1169.506 1169.506 1169.506 1169.506 1288.196 1288.196 1288.196 1288.196 1288.196 1288.196 871.294 871.294 871.294 871.294 1340.788 1340.788 1340.788 1340.788 1340.788 1340.788 1099.696 1099.696 962.594 962.594 962.594 962.594 962.594 962.594 1609.408 1609.408 1609.408 1609.408 1609.408 1301.206 1358.309 1358.309 1358.309 1358.309 1358.309 1358.309 1209.506 1209.506 1209.506 1209.506 1209.506 1209.506 1485.505 1485.505 1485.505 1510.704 1510.704 1510.704
796.403 856.9 856.9 856.9 856.9 856.9 856.9 856.9 1013.712 1013.712 1013.712 1123.805 1123.805 1123.805 1169.506 1169.506 1169.506 1169.506 1288.196 1288.196 1288.196 1288.196 1288.196 1288.196 871.294 871.294 1340.788 1340.788 1340.788 1340.788 1340.788 1340.788 1340.788 962.594 962.594 962.594 962.594 962.594 962.594 1522.706 1522.706 1522.706 1609.408 1609.408 1609.408 1301.206 1301.206 1301.206 1301.206 1358.309 1358.309 1939.308 2032.804 2032.804 2032.804 1209.506 1209.506 1209.506 1209.506 1485.505 1510.704 1510.704 1510.704 1510.704 1510.704
796.403 856.9 856.9 856.9 856.9 856.9 856.9 871.596 871.596 871.596 871.596 1123.805 1123.805 1123.805 1123.805 1169.506 1169.506 1169.506 1169.506 1288.196 1288.196 1288.196 1288.196 1288.196 1089.391 1340.788 1340.788 1340.788 1340.788 1340.788 1340.788 1340.788 1340.788 1340.788 962.594 962.594 1522.706 1522.706 1522.706 1522.706 1522.706 1522.706 1609.408 1301.206 1301.206 1301.206 1301.206 1301.206 1301.206 2087.509 1939.308 1939.308 2032.804 2032.804 2032.804 2032.804 1209.506 1209.506 2073.809 2073.809 2073.809 1510.704 1510.704 1510.704 1510.704
796.403 796.403 856.9 856.9 856.9 871.596 871.596 871.596 871.596 871.596 871.596 1123.805 1123.805 1123.805 1123.805 1169.506 1169.506 1169.506 1169.506 1288.196 1288.196 1288.196 1089.391 1089.391 1089.391 1089.391 1340.788 1340.788 1340.788 1340.788 1340.788 1340.788 1838.304 1838.304 1522.706 1522.706 1522.706 1522.706 1522.706 1522.706 1522.706 1522.706 1408.381 1408.381 1301.206 1301.206 1301.206 1301.206 1301.206 2087.509 2087.509 1939.308 2032.804 2032.804 2032.804 2032.804 1785.094 1785.094 2073.809 2073.809 2073.809 2073.809 1510.704 1510.704 1510.704
796.403 951.597 951.597 871.596 871.596 871.596 871.596 871.596 871.596 871.596 871.596 1123.805 1123.805 1123.805 1123.805 1123.805 1169.506 1169.506 1157.61 1157.61 1157.61 1089.391 1089.391 1089.391 1089.391 1089.391 1340.788 1340.788 1340.788 1340.788 1838.304 1838.304 1838.304 1838.304 1838.304 1522.706 1522.706 1522.706 1522.706 1522.706 1522.706 1408.381 1408.381 1408.381 1408.381 1408.381 1301.206 1301.206 2087.509 2087.509 2087.509 1939.308 1939.308 2032.804 2032.804 2032.804 1785.094 1785.094 1785.094 2073.809 2073.809 2073.809 2073.809 1510.704 1510.704
951.597 951.597 951.597 871.596 871.596 871.596 871.596 871.596 871.596 871.596 871.596 1114.002 1114.002 1114.002 1114.002 1114.002 1157.61 1157.61 1157.61 1157.61 1157.61 1089.391 1089.391 1089.391 1089.391 1089.391 1481.999 1340.788 1838.304 1838.304 1838.304 1838.304 1838.304 1838.304 1647.491 1522.706 1522.706 1522.706 1522.706 1295.305 1295.305 1295.305 1408.381 1408.381 1408.381 1408.381 1408.381 1959.502 2087.509 2087.509 2087.509 2087.509 1939.308 1540.789 1540.789 1540.789 1785.094 1785.094 1785.094 2073.809 2073.809 2073.809 2073.809 2073.809 1510.704
951.597 951.597 951.597 951.597 871.596 871.596 871.596 871.596 871.596 871.596 871.596 1114.002 1114.002 1114.002 1114.002 1114.002 1157.61 1157.61 1157.61 1157.61 1272.19 1089.391 1089.391 1089.391 1089.391 1089.391 1481.999 1481.999 1838.304 1838.304 1838.304 1838.304 1838.304 1647.491 1647.491 1647.491 1522.706 1295.305 1295.305 1295.305 1295.305 1295.305 1408.381 1408.381 1408.381 1408.381 1959.502 1959.502 2087.509 2087.509 2087.509 2087.509 1540.789 1540.789 1540.789 1540.789 1785.094 1785.094 1785.094 1785.094 2073.809 2073.809 2073.809 2073.809 2073.809
951.597 951.597 951.597 951.597 1040.086 1040.086 1040.086 1040.086 1040.086 871.596 871.596 1114.002 1114.002 1114.002 1114.002 1114.002 1157.61 1157.61 1157.61 1157.61 1272.19 1272.19 1272.19 1089.391 1089.391 1481.999 1481.999 1481.999 1599.904 1838.304 1838.304 1647.491 1647.491 1647.491 1647.491 1607.808 1447.004 1447.004 1295.305 1295.305 1295.305 1295.305 1295.305 1408.381 1959.502 1959.502 1959.502 1959.502 1959.502 2087.509 2087.509 1540.789 1540.789 1540.789 1540.789 1211.499 1785.094 1785.094 1785.094 1785.094 1785.094 2073.809 2073.809 2073.809 2073.809
