hw/01/nn.asc
NCOLS 207
NROWS 231
XLLCENTER 587561.826320024
YLLCENTER 137896.940111098
CELLSIZE 500
[rows 87 to 115 of 231, columns 65 to 129 of 207]
626.299 626.299 626.299 626.299 626.299 626.299 654.903 654.903 654.903 681.198 681.198 681.198 681.198 681.198 681.198 756.905 948.498 948.498 948.498 948.498 880.994 880.994 880.994 880.994 880.994 1133.897 1133.897 1133.897 1133.897 1035.295 1035.295 1035.295 1035.295 1035.295 1035.295 1035.295 881.993 881.993 881.993 881.993 881.993 881.993 881.993 1007.004 1007.004 905.495 949.396 949.396 949.396 949.396 949.396 949.396 949.396 949.396 624.997 624.997 624.997 624.997 624.997 624.997 624.997 835.603 835.603 835.603 939.602
626.299 626.299 626.299 626.299 755.9 755.9 654.903 654.903 654.903 654.903 681.198 681.198 681.198 681.198 756.905 756.905 948.498 948.498 948.498 948.498 880.994 880.994 880.994 880.994 880.994 1133.897 1133.897 1133.897 1133.897 1035.295 1035.295 1035.295 1035.295 1035.295 1035.295 1035.295 1194.598 881.993 881.993 881.993 1007.004 1007.004 1007.004 1007.004 1007.004 1007.004 949.396 949.396 949.396 949.396 949.396 949.396 949.396 949.396 624.997 624.997 624.997 624.997 624.997 624.997 624.997 835.603 835.603 835.603 939.602
579.399 626.299 755.9 755.9 755.9 755.9 654.903 654.903 654.903 654.903 681.198 681.198 681.198 681.198 756.905 756.905 756.905 948.498 948.498 912.702 912.702 880.994 880.994 880.994 880.994 1133.897 1133.897 1133.897 1133.897 1133.897 1035.295 1035.295 1035.295 1035.295 1035.295 1172.646 1194.598 1194.598 1194.598 1007.004 1007.004 1007.004 1007.004 1007.004 1007.004 1122.206 1122.206 1122.206 949.396 949.396 949.396 949.396 776.495 776.495 776.495 624.997 624.997 624.997 624.997 624.997 624.997 835.603 835.603 835.603 939.602
579.399 579.399 755.9 755.9 755.9 755.9 755.9 654.903 654.903 654.903 681.198 681.198 681.198 756.905 756.905 756.905 756.905 756.905 912.702 912.702 912.702 1035.904 1035.904 1035.904 1035.904 1133.897 1133.897 1133.897 1133.897 1133.897 1035.295 1035.295 1035.295 1035.295 1172.646 1172.646 1194.598 1194.598 1194.598 1007.004 1007.004 1007.004 1007.004 1007.004 1007.004 1122.206 1122.206 1122.206 1053.199 1053.199 776.495 776.495 776.495 776.495 776.495 776.495 624.997 624.997 624.997 624.997 624.997 624.997 835.603 835.603 710.997
579.399 579.399 755.9 755.9 755.9 755.9 755.9 654.903 654.903 654.903 654.903 681.198 681.198 798.299 756.905 756.905 756.905 756.905 912.702 912.702 1035.904 1035.904 1035.904 1035.904 1035.904 1133.897 1133.897 1133.897 1133.897 1133.897 1035.295 1035.295 1035.295 1035.295 1172.646 1172.646 1172.646 1194.598 1194.598 1194.598 1007.004 1007.004 1007.004 1007.004 1122.206 1122.206 1122.206 1122.206 1053.199 1053.199 1053.199 776.495 776.495 776.495 776.495 776.495 776.495 624.997 624.997 624.997 624.997 986.591 986.591 816.705 816.705
579.399 579.399 755.9 755.9 755.9 755.9 755.9 654.903 654.903 654.903 830.604 830.604 798.299 798.299 798.299 798.299 798.299 756.905 912.702 1035.904 1035.904 1035.904 1035.904 1035.904 1035.904 1133.897 1133.897 1133.897 1133.897 1133.897 1308.102 1308.102 1308.102 1308.102 1172.646 1172.646 1172.646 1194.598 1194.598 1194.598 1194.598 1007.004 1007.004 1122.206 1122.206 1122.206 1122.206 1053.199 1053.199 1053.199 1053.199 776.495 776.495 776.495 776.495 776.495 776.495 776.495 624.997 624.997 986.591 986.591 986.591 986.591 816.705
579.399 597.597 597.597 597.597 597.597 597.597 755.9 654.903 830.604 830.604 830.604 830.604 830.604 798.299 798.299 798.299 798.299 798.299 1035.904 1035.904 1035.904 1035.904 1035.904 1035.904 1035.904 1153.0 1153.0 1153.0 1153.0 1153.0 1308.102 1308.102 1308.102 1308.102 1172.646 1172.646 1172.646 1194.598 1194.598 1194.598 1194.598 1194.598 1007.004 1122.206 1122.206 1122.206 1122.206 1053.199 1053.199 1053.199 1053.199 776.495 776.495 776.495 776.495 776.495 776.495 776.495 882.895 882.895 986.591 986.591 986.591 986.591 993.309
597.597 597.597 597.597 597.597 597.597 597.597 597.597 830.604 830.604 830.604 830.604 830.604 830.604 798.299 798.299 798.299 798.299 798.299 1035.904 1035.904 1035.904 1035.904 1035.904 1035.904 1153.0 1153.0 1153.0 1153.0 1153.0 1153.0 1308.102 1308.102 1308.102 1308.102 1172.646 1172.646 1172.646 1172.646 1194.598 1194.598 1194.598 1194.598 1104.211 1104.211 1104.211 1104.211 1104.211 1053.199 1053.199 1053.199 1053.199 776.495 776.495 776.495 776.495 776.495 776.495 776.495 882.895 882.895 882.895 986.591 986.591 986.591 993.309
597.597 597.597 597.597 597.597 597.597 597.597 597.597 617.805 830.604 830.604 830.604 830.604 830.604 830.604 798.299 798.299 798.299 798.299 883.002 1035.904 1035.904 1035.904 1035.904 1035.904 1153.0 1153.0 1153.0 1153.0 1153.0 1153.0 1308.102 1308.102 1308.102 1177.394 1177.394 1172.646 1172.646 1172.646 1194.598 1194.598 1072.11 1072.11 1104.211 1104.211 1104.211 1104.211 1104.211 910.51 910.51 910.51 910.51 910.51 776.495 776.495 776.495 776.495 776.495 882.895 882.895 882.895 882.895 882.895 986.591 986.591 993.309
597.597 597.597 597.597 597.597 597.597 597.597 597.597 617.805 637.399 637.399 830.604 830.604 830.604 830.604 830.604 798.299 883.002 883.002 883.002 883.002 883.002 883.002 1035.904 1035.904 1153.0 1153.0 1153.0 1153.0 1153.0 1153.0 1153.0 948.402 948.402 1177.394 1177.394 1177.394 1177.394 996.099 996.099 996.099 1072.11 1072.11 1072.11 1104.211 1104.211 1104.211 1104.211 910.51 910.51 910.51 910.51 910.51 910.51 776.495 688.311 688.311 827.805 827.805 882.895 882.895 882.895 882.895 986.591 986.591 986.591
597.597 597.597 597.597 597.597 597.597 732.805 732.805 617.805 617.805 637.399 637.399 637.399 637.399 830.604 830.604 883.002 883.002 883.002 883.002 883.002 883.002 883.002 883.002 978.695 1100.706 1153.0 1153.0 1153.0 1153.0 1153.0 948.402 948.402 948.402 1177.394 1177.394 1177.394 1177.394 996.099 996.099 996.099 1072.11 1072.11 1072.11 1072.11 1104.211 1104.211 1104.211 910.51 910.51 910.51 910.51 910.51 688.311 688.311 688.311 688.311 827.805 827.805 882.895 882.895 882.895 882.895 961.789 986.591 1100.004
759.995 759.995 759.995 732.805 732.805 732.805 732.805 617.805 617.805 617.805 637.399 637.399 637.399 637.399 682.603 883.002 883.002 883.002 883.002 883.002 883.002 883.002 883.002 978.695 1100.706 1100.706 1100.706 1100.706 1083.898 1083.898 1083.898 948.402 948.402 948.402 1177.394 1177.394 964.595 964.595 996.099 996.099 1072.11 1072.11 1072.11 1072.11 1104.211 1104.211 1104.211 910.51 910.51 910.51 910.51 910.51 688.311 688.311 688.311 688.311 827.805 827.805 830.501 830.501 882.895 961.789 961.789 961.789 961.789
759.995 759.995 759.995 759.995 732.805 732.805 732.805 617.805 617.805 617.805 617.805 637.399 682.603 682.603 682.603 883.002 883.002 883.002 883.002 883.002 883.002 883.002 1008.4 978.695 978.695 1100.706 1100.706 1100.706 1083.898 1083.898 1083.898 1083.898 948.402 948.402 948.402 1177.394 964.595 964.595 964.595 964.595 1072.11 1072.11 1072.11 915.996 915.996 915.996 915.996 910.51 910.51 910.51 910.51 694.099 688.311 688.311 688.311 688.311 827.805 827.805 830.501 830.501 830.501 961.789 961.789 961.789 961.789
767.103 759.995 759.995 759.995 732.805 732.805 732.805 732.805 621.899 621.899 621.899 682.603 682.603 682.603 682.603 883.002 883.002 883.002 883.002 883.002 883.002 1008.4 1008.4 1008.4 978.695 1100.706 1100.706 1100.706 1100.706 1083.898 1083.898 1083.898 1083.898 948.402 948.402 964.595 964.595 964.595 964.595 964.595 964.595 1072.11 915.996 915.996 915.996 915.996 915.996 915.996 910.51 780.501 694.099 694.099 694.099 694.099 688.311 688.311 827.805 827.805 830.501 830.501 920.204 961.789 961.789 820.692 820.692
767.103 759.995 759.995 759.995 732.805 732.805 732.805 839.197 621.899 621.899 621.899 682.603 682.603 682.603 682.603 682.603 883.002 883.002 883.002 883.002 937.206 937.206 1008.4 1008.4 978.695 978.695 1100.706 1100.706 1100.706 1083.898 1083.898 1083.898 1083.898 1083.898 931.503 931.503 931.503 964.595 964.595 964.595 964.595 915.996 915.996 915.996 915.996 915.996 915.996 915.996 780.501 780.501 780.501 694.099 694.099 694.099 694.099 883.407 883.407 883.407 830.501 920.204 920.204 920.204 820.692 820.692 820.692
767.103 767.103 759.995 759.995 759.995 732.805 839.197 839.197 839.197 621.899 621.899 682.603 682.603 682.603 790.2 790.2 790.2 883.002 883.002 937.206 937.206 937.206 1008.4 1008.4 978.695 978.695 978.695 1100.706 1100.706 1083.898 1083.898 1083.898 1083.898 836.804 931.503 931.503 931.503 931.503 931.503 964.595 964.595 915.996 915.996 915.996 915.996 915.996 915.996 780.501 780.501 780.501 780.501 780.501 694.099 694.099 837.103 837.103 883.407 883.407 1016.298 920.204 920.204 920.204 820.692 820.692 820.692
767.103 767.103 759.995 759.995 759.995 839.197 839.197 839.197 839.197 839.197 682.603 682.603 790.2 790.2 790.2 790.2 790.2 696.102 937.206 937.206 937.206 937.206 1008.4 1008.4 978.695 978.695 978.695 1100.706 1100.706 1100.706 836.804 836.804 836.804 836.804 931.503 931.503 931.503 931.503 931.503 931.503 931.503 915.996 915.996 915.996 915.996 915.996 915.996 780.501 780.501 780.501 780.501 780.501 837.103 837.103 837.103 837.103 1016.298 1016.298 1016.298 920.204 920.204 920.204 820.692 820.692 820.692
767.103 767.103 767.103 759.995 839.197 839.197 839.197 839.197 839.197 839.197 790.2 790.2 790.2 790.2 790.2 790.2 696.102 696.102 696.102 937.206 937.206 937.206 937.206 1008.4 978.695 978.695 978.695 978.695 1100.706 836.804 836.804 836.804 836.804 836.804 970.102 931.503 931.503 931.503 931.503 931.503 930.803 930.803 915.996 915.996 915.996 915.996 780.501 780.501 780.501 780.501 780.501 780.501 819.994 819.994 837.103 837.103 1016.298 1016.298 1016.298 1016.298 920.204 920.204 820.692 820.692 820.692
767.103 767.103 767.103 759.995 839.197 839.197 839.197 839.197 839.197 839.197 790.2 790.2 790.2 790.2 790.2 790.2 696.102 696.102 740.796 740.796 937.206 738.403 738.403 738.403 1008.4 978.695 815.797 815.797 815.797 836.804 836.804 836.804 836.804 970.102 970.102 970.102 931.503 931.503 931.503 930.803 930.803 930.803 930.803 930.803 915.996 915.996 780.501 780.501 780.501 780.501 780.501 780.501 819.994 819.994 819.994 1194.099 1182.593 1182.593 1182.593 1182.593 1182.593 1182.593 820.692 820.692 1613.393
767.103 1068.097 1068.097 1068.097 1068.097 839.197 839.197 839.197 839.197 839.197 674.703 674.703 674.703 674.703 674.703 696.102 696.102 696.102 740.796 740.796 738.403 738.403 738.403 738.403 738.403 815.797 815.797 815.797 815.797 815.797 836.804 836.804 836.804 970.102 970.102 970.102 970.102 931.503 930.803 930.803 930.803 930.803 930.803 930.803 930.803 775.806 780.501 780.501 780.501 780.501 780.501 819.994 819.994 819.994 819.994 1194.099 1182.593 1182.593 1182.593 1182.593 1182.593 1182.593 1613.393 1613.393 1613.393
1068.097 1068.097 1068.097 1068.097 1068.097 1068.097 839.197 839.197 839.197 674.703 674.703 674.703 674.703 674.703 674.703 696.102 696.102 696.102 740.796 740.796 740.796 738.403 738.403 738.403 738.403 815.797 815.797 815.797 815.797 815.797 836.804 836.804 836.804 970.102 970.102 970.102 970.102 970.102 930.803 930.803 930.803 930.803 930.803 930.803 775.806 775.806 775.806 780.501 780.501 742.798 742.798 742.798 819.994 819.994 1178.595 1194.099 1194.099 1313.695 1313.695 1313.695 1313.695 1313.695 1613.393 1613.393 1613.393
1068.097 1068.097 1068.097 1068.097 1068.097 1068.097 1068.097 839.197 674.703 674.703 674.703 674.703 674.703 674.703 674.703 731.196 670.099 670.099 740.796 740.796 740.796 738.403 738.403 738.403 738.403 815.797 815.797 815.797 815.797 815.797 815.797 836.804 836.804 970.102 970.102 970.102 970.102 970.102 930.803 930.803 930.803 930.803 930.803 775.806 775.806 775.806 775.806 775.806 742.798 742.798 742.798 742.798 742.798 1178.595 1178.595 1178.595 1313.695 1313.695 1313.695 1313.695 1313.695 1313.695 1613.393 1613.393 1613.393
1068.097 1068.097 1068.097 1068.097 1068.097 1068.097 1068.097 1068.097 674.703 674.703 674.703 674.703 674.703 674.703 731.196 731.196 670.099 670.099 740.796 740.796 740.796 738.403 738.403 738.403 719.201 800.703 815.797 815.797 815.797 987.603 987.603 1027.902 1027.902 1027.902 970.102 970.102 970.102 930.803 930.803 930.803 930.803 930.803 930.803 775.806 775.806 775.806 775.806 775.806 742.798 742.798 742.798 742.798 742.798 1178.595 1178.595 1178.595 1313.695 1313.695 1313.695 1313.695 1313.695 1313.695 1613.393 1613.393 1613.393
1068.097 1068.097 1068.097 1068.097 1068.097 1068.097 1068.097 1068.097 674.703 674.703 674.703 674.703 674.703 674.703 778.101 778.101 778.101 670.099 670.099 740.796 740.796 719.201 719.201 719.201 719.201 800.703 800.703 987.603 987.603 987.603 987.603 1027.902 1027.902 1027.902 1027.902 1027.902 1027.902 930.803 930.803 930.803 930.803 930.803 775.806 775.806 775.806 775.806 775.806 775.806 759.092 759.092 759.092 759.092 759.092 759.092 1178.595 1178.595 1313.695 1313.695 1313.695 1313.695 1313.695 1313.695 1613.393 1613.393 1613.393
932.898 1068.097 1068.097 1068.097 1068.097 1068.097 1068.097 1068.097 674.703 674.703 674.703 674.703 674.703 778.101 778.101 778.101 778.101 778.101 942.294 942.294 719.201 719.201 719.201 719.201 719.201 800.703 800.703 800.703 987.603 987.603 987.603 1027.902 1027.902 1027.902 1027.902 1027.902 1027.902 930.803 930.803 930.803 930.803 775.806 775.806 775.806 775.806 775.806 775.806 775.806 759.092 759.092 759.092 759.092 759.092 759.092 759.092 1178.595 1313.695 1313.695 1313.695 1313.695 1313.695 1313.695 1313.695 1613.393 1613.393
932.898 934.601 934.601 842.5 842.5 842.5 842.5 842.5 842.5 674.703 674.703 674.703 778.101 778.101 778.101 778.101 942.294 942.294 942.294 942.294 719.201 719.201 719.201 719.201 719.201 800.703 800.703 800.703 987.603 987.603 1027.902 1027.902 1027.902 1027.902 1027.902 1027.902 1027.902 1027.902 950.492 950.492 1045.192 1045.192 775.806 775.806 775.806 775.806 775.806 775.806 759.092 759.092 759.092 759.092 759.092 759.092 759.092 1313.695 1313.695 1313.695 1313.695 1313.695 1313.695 1313.695 1313.695 1613.393 1613.393
932.898 934.601 842.5 842.5 842.5 842.5 842.5 842.5 992.807 992.807 850.223 850.223 850.223 942.294 942.294 942.294 942.294 942.294 942.294 942.294 972.103 883.996 883.996 883.996 883.996 800.703 800.703 800.703 987.603 987.603 1027.902 1027.902 1027.902 1027.902 1027.902 814.398 814.398 950.492 950.492 950.492 1045.192 1045.192 1045.192 1045.192 1045.192 775.806 775.806 775.806 759.092 759.092 759.092 759.092 759.092 759.092 1359.209 1359.209 1359.209 1359.209 1359.209 1313.695 1313.695 1739.806 1739.806 1613.393 1613.393
932.898 842.5 842.5 842.5 842.5 842.5 842.5 842.5 992.807 992.807 850.223 850.223 850.223 850.223 942.294 942.294 942.294 942.294 942.294 972.103 972.103 883.996 883.996 883.996 883.996 883.996 800.703 1120.404 1120.404 1120.404 799.395 814.398 814.398 814.398 814.398 814.398 814.398 950.492 950.492 950.492 950.492 1045.192 1045.192 1045.192 1045.192 1045.192 1045.192 1045.192 759.092 759.092 759.092 759.092 1359.209 1359.209 1359.209 1359.209 1359.209 1359.209 1359.209 1739.806 1739.806 1739.806 1739.806 1474.91 1474.91
932.898 842.5 842.5 842.5 842.5 842.5 842.5 992.807 992.807 992.807 992.807 850.223 850.223 850.223 896.998 896.998 896.998 896.998 972.103 972.103 972.103 1013.201 883.996 883.996 883.996 883.996 1120.404 1120.404 1120.404 1120.404 799.395 799.395 814.398 814.398 814.398 814.398 814.398 950.492 950.492 950.492 950.492 1045.192 1045.192 1045.192 1045.192 1045.192 1045.192 1637.002 1637.002 759.092 759.092 1359.209 1359.209 1359.209 1359.209 1359.209 1359.209 1359.209 1359.209 1739.806 1739.806 1739.806 1739.806 1474.91 1474.91
