hw/01/nn.asc
NCOLS 207
NROWS 231
XLLCENTER 587561.826320024
YLLCENTER 137896.940111098
CELLSIZE 500
[rows 29 to 57 of 231, columns 130 to 194 of 207]
479.898 479.898 479.898 479.898 479.898 479.898 677.095 677.095 677.095 677.095 677.095 688.797 688.797 688.797 531.0 531.0 508.896 508.896 508.896 508.896 548.698 659.897 659.897 659.897 659.897 736.102 736.102 736.102 736.102 736.102 736.102 435.099 435.099 435.099 415.702 415.702 415.702 415.702 415.702 415.702 415.702 415.702 410.602 410.602 410.602 500.103 500.103 500.103 500.103 500.103 500.103 607.003 607.003 607.003 607.003 607.003 607.003 607.003 607.003 559.403 559.403 559.403 518.401 518.401 518.401
479.898 479.898 479.898 479.898 479.898 582.297 582.297 582.297 582.297 582.297 688.797 688.797 688.797 531.0 531.0 531.0 475.9 475.9 508.896 548.698 548.698 548.698 659.897 659.897 659.897 736.102 736.102 736.102 736.102 736.102 736.102 697.1 697.1 415.702 415.702 415.702 415.702 415.702 415.702 415.702 415.702 415.702 410.602 410.602 410.602 410.602 500.103 500.103 500.103 500.103 500.103 500.103 607.003 571.296 571.296 571.296 571.296 571.296 571.296 571.296 559.403 518.401 518.401 518.401 518.401
479.898 479.898 479.898 479.898 479.898 582.297 582.297 582.297 582.297 582.297 680.901 680.901 531.0 531.0 531.0 531.0 475.9 475.9 475.9 548.698 548.698 548.698 659.897 659.897 736.102 736.102 736.102 736.102 736.102 736.102 736.102 697.1 697.1 697.1 415.702 415.702 415.702 415.702 415.702 415.702 415.702 415.702 408.003 410.602 410.602 410.602 410.602 500.103 500.103 500.103 500.103 500.103 529.801 571.296 571.296 571.296 571.296 571.296 571.296 571.296 655.097 655.097 655.097 655.097 655.097
479.898 479.898 479.898 479.898 479.898 582.297 582.297 582.297 680.901 680.901 680.901 680.901 539.803 539.803 539.803 539.803 475.9 475.9 475.9 475.9 548.698 548.698 548.698 736.102 736.102 736.102 736.102 736.102 736.102 736.102 697.1 697.1 697.1 697.1 415.702 415.702 415.702 415.702 415.702 415.702 415.702 415.702 408.003 408.003 408.003 410.602 410.602 500.103 500.103 500.103 500.103 529.801 529.801 571.296 571.296 571.296 571.296 571.296 571.296 571.296 655.097 655.097 655.097 655.097 655.097
479.898 479.898 479.898 479.898 582.297 582.297 582.297 680.901 680.901 680.901 680.901 680.901 539.803 539.803 539.803 539.803 448.999 448.999 448.999 475.9 475.9 548.698 548.698 736.102 736.102 736.102 736.102 736.102 736.102 697.1 697.1 697.1 697.1 697.1 697.1 415.702 415.702 415.702 415.702 415.702 415.702 415.702 408.003 408.003 408.003 408.003 408.003 410.602 500.103 500.103 529.801 529.801 529.801 571.296 571.296 571.296 571.296 571.296 571.296 571.296 655.097 655.097 655.097 655.097 655.097
734.998 734.998 479.898 629.099 629.099 629.099 629.099 517.599 517.599 517.3 517.3 517.3 551.704 551.704 539.803 539.803 448.999 448.999 448.999 448.999 448.999 448.999 548.698 736.102 736.102 736.102 736.102 736.102 697.1 697.1 697.1 697.1 697.1 697.1 697.1 415.702 415.702 415.702 415.702 415.702 385.204 385.204 385.204 408.003 408.003 408.003 408.003 408.003 410.602 529.801 529.801 529.801 529.801 571.296 571.296 571.296 571.296 571.296 571.296 571.296 655.097 655.097 655.097 655.097 655.097
734.998 734.998 734.998 629.099 629.099 629.099 629.099 629.099 517.599 517.599 517.3 517.3 551.704 551.704 551.704 448.999 448.999 448.999 448.999 448.999 448.999 448.999 662.604 662.604 662.604 662.604 736.102 697.1 697.1 697.1 697.1 697.1 697.1 697.1 697.1 415.702 415.702 415.702 415.702 385.204 385.204 385.204 385.204 385.204 408.003 408.003 408.003 408.003 529.801 529.801 529.801 529.801 529.801 529.801 571.296 571.296 571.296 571.296 571.296 571.296 655.097 655.097 655.097 655.097 655.097
734.998 734.998 734.998 629.099 629.099 629.099 629.099 629.099 629.099 517.599 517.599 517.3 600.8 600.8 600.8 600.8 448.999 448.999 448.999 448.999 448.999 662.604 662.604 662.604 662.604 662.604 662.604 714.898 714.898 714.898 714.898 714.898 714.898 714.898 714.898 714.898 415.702 385.204 385.204 385.204 385.204 385.204 385.204 385.204 385.204 385.204 408.003 408.003 456.299 456.299 456.299 456.299 529.801 529.801 571.296 571.296 571.296 571.296 571.296 571.296 655.097 655.097 655.097 743.796 743.796
734.998 734.998 734.998 629.099 629.099 629.099 629.099 629.099 629.099 517.599 517.599 517.599 600.8 600.8 600.8 600.2 600.2 448.999 448.999 457.802 457.802 457.802 662.604 662.604 662.604 662.604 662.604 813.197 813.197 813.197 714.898 714.898 714.898 714.898 714.898 714.898 385.204 385.204 385.204 385.204 385.204 385.204 385.204 385.204 385.204 385.204 385.204 456.299 456.299 456.299 456.299 456.299 471.303 471.303 471.303 471.303 571.296 571.296 571.296 571.296 603.999 603.999 603.999 743.796 743.796
734.998 734.998 734.998 629.099 629.099 629.099 629.099 629.099 629.099 629.099 517.599 600.8 600.8 600.2 600.2 600.2 600.2 600.2 457.802 457.802 457.802 457.802 662.604 662.604 662.604 662.604 662.604 813.197 813.197 813.197 813.197 813.197 813.197 813.197 813.197 813.197 385.204 385.204 385.204 385.204 385.204 385.204 385.204 385.204 385.204 385.204 385.204 467.497 467.497 456.299 456.299 456.299 471.303 471.303 471.303 471.303 471.303 571.296 571.296 557.597 603.999 603.999 603.999 603.999 861.101
734.998 734.998 766.401 766.401 629.099 629.099 629.099 629.099 629.099 629.099 608.603 600.2 600.2 600.2 600.2 600.2 600.2 457.802 457.802 457.802 457.802 457.802 662.604 662.604 662.604 662.604 662.604 772.097 813.197 813.197 813.197 813.197 813.197 813.197 813.197 813.197 481.096 385.204 385.204 385.204 385.204 385.204 385.204 385.204 385.204 385.204 467.497 467.497 467.497 467.497 467.497 460.598 460.598 460.598 460.598 460.598 460.598 444.996 557.597 557.597 557.597 603.999 603.999 603.999 603.999
795.8 719.599 766.401 766.401 766.401 629.099 629.099 629.099 629.099 608.603 608.603 608.603 600.2 600.2 600.2 600.2 638.102 462.799 457.802 457.802 457.802 457.802 457.802 662.604 662.604 662.604 772.097 772.097 772.097 813.197 813.197 813.197 813.197 813.197 813.197 813.197 481.096 481.096 481.096 481.096 385.204 385.204 385.204 385.204 385.204 385.204 467.497 467.497 467.497 467.497 467.497 460.598 460.598 460.598 460.598 444.996 444.996 444.996 557.597 557.597 557.597 603.999 603.999 603.999 603.999
719.599 719.599 766.401 766.401 766.401 766.401 662.602 662.602 608.603 608.603 608.603 608.603 608.603 638.102 638.102 638.102 638.102 462.799 462.799 462.799 457.802 457.802 457.802 662.604 662.604 772.097 772.097 772.097 772.097 772.097 813.197 813.197 813.197 813.197 813.197 481.096 481.096 481.096 481.096 481.096 481.096 481.096 481.096 385.204 391.003 391.003 467.497 467.497 467.497 467.497 467.497 460.598 460.598 460.598 444.996 444.996 444.996 444.996 557.597 557.597 557.597 557.597 598.704 598.704 603.999
719.599 719.599 766.401 766.401 766.401 766.401 662.602 662.602 662.602 608.603 608.603 608.603 608.603 638.102 638.102 638.102 638.102 462.799 462.799 462.799 462.799 483.603 483.603 483.603 483.603 772.097 772.097 772.097 772.097 772.097 783.998 783.998 783.998 783.998 783.998 481.096 481.096 481.096 481.096 481.096 481.096 481.096 481.096 481.096 391.003 391.003 391.003 467.497 467.497 467.497 467.497 467.497 444.996 444.996 444.996 444.996 444.996 444.996 557.597 557.597 557.597 557.597 598.704 598.704 600.096
719.599 719.599 766.401 766.401 766.401 766.401 662.602 662.602 662.602 608.603 608.603 608.603 608.603 638.102 638.102 638.102 638.102 462.799 462.799 462.799 462.799 483.603 483.603 483.603 483.603 772.097 772.097 772.097 783.998 783.998 783.998 783.998 783.998 783.998 783.998 481.096 481.096 481.096 481.096 481.096 481.096 481.096 481.096 391.003 391.003 391.003 391.003 391.003 391.003 467.497 467.497 444.996 444.996 444.996 444.996 444.996 444.996 530.195 557.597 557.597 557.597 557.597 557.597 598.704 598.704
719.599 719.599 766.401 766.401 766.401 766.401 662.602 662.602 662.602 662.602 682.804 608.603 608.603 638.102 638.102 638.102 638.102 462.799 462.799 462.799 462.799 483.603 483.603 483.603 483.603 692.595 692.595 692.595 692.595 783.998 783.998 783.998 783.998 783.998 783.998 481.096 481.096 481.096 481.096 481.096 481.096 481.096 481.096 391.003 391.003 391.003 391.003 391.003 438.795 438.795 438.795 438.795 444.996 444.996 444.996 444.996 444.996 530.195 530.195 530.195 557.597 557.597 557.597 598.704 598.704
543.302 719.599 766.401 766.401 766.401 662.602 662.602 662.602 682.804 682.804 682.804 682.804 682.804 638.102 638.102 638.102 638.102 560.603 560.603 560.603 560.603 483.603 483.603 483.603 483.603 692.595 692.595 692.595 692.595 783.998 783.998 783.998 783.998 783.998 783.998 481.096 481.096 481.096 481.096 481.096 481.096 481.096 481.096 391.003 391.003 391.003 391.003 391.003 438.795 438.795 438.795 438.795 444.996 444.996 444.996 444.996 468.296 530.195 530.195 530.195 530.195 530.195 557.597 557.597 503.994
633.102 633.102 633.102 829.503 829.503 829.503 829.503 682.804 682.804 682.804 682.804 698.804 698.804 698.804 638.102 638.102 560.603 560.603 560.603 560.603 560.603 560.603 483.603 471.798 471.798 471.798 692.595 692.595 692.595 692.595 783.998 783.998 783.998 783.998 783.998 481.096 481.096 481.096 481.096 481.096 481.096 481.096 481.096 391.003 391.003 391.003 391.003 391.003 438.795 438.795 438.795 421.202 421.202 421.202 444.996 468.296 468.296 468.296 530.195 530.195 530.195 530.195 530.195 479.706 479.706
633.102 633.102 633.102 829.503 829.503 829.503 829.503 682.804 682.804 698.804 698.804 698.804 698.804 698.804 698.804 634.799 634.799 634.799 634.799 560.603 560.603 560.603 471.798 471.798 471.798 471.798 471.798 692.595 692.595 692.595 783.998 783.998 783.998 783.998 665.8 665.8 469.603 469.603 469.603 469.603 469.603 469.603 469.603 394.7 391.003 391.003 391.003 395.198 438.795 421.202 421.202 421.202 421.202 421.202 468.296 468.296 468.296 468.296 468.296 468.296 530.195 530.195 530.195 479.706 479.706
633.102 633.102 633.102 829.503 829.503 829.503 829.503 829.503 698.804 698.804 698.804 698.804 698.804 698.804 698.804 634.799 634.799 634.799 634.799 634.799 634.799 634.799 471.798 471.798 471.798 471.798 471.798 692.595 692.595 692.595 692.595 783.998 665.8 665.8 665.8 665.8 665.8 469.603 469.603 469.603 469.603 469.603 414.494 394.7 394.7 395.198 395.198 395.198 395.198 421.202 421.202 421.202 421.202 421.202 468.296 468.296 468.296 468.296 468.296 468.296 468.296 530.195 530.195 479.706 479.706
633.102 633.102 633.102 829.503 829.503 829.503 829.503 829.503 698.804 698.804 698.804 698.804 698.804 698.804 698.804 634.799 634.799 634.799 634.799 634.799 617.203 617.203 617.203 471.798 471.798 471.798 471.798 471.798 496.103 496.103 496.103 496.103 665.8 665.8 665.8 665.8 665.8 469.603 469.603 469.603 469.603 469.603 414.494 414.494 394.7 394.7 395.106 395.106 395.198 421.202 421.202 421.202 421.202 416.8 416.8 416.8 468.296 468.296 468.296 468.296 468.296 468.296 479.706 479.706 479.706
633.102 633.102 614.6 614.6 829.503 829.503 829.503 829.503 698.804 698.804 698.804 698.804 698.804 791.001 791.001 634.799 634.799 634.799 634.799 617.203 617.203 617.203 617.203 471.798 471.798 471.798 471.798 496.103 496.103 496.103 496.103 496.103 665.8 665.8 665.8 665.8 665.8 665.8 469.603 469.603 469.603 469.603 414.494 414.494 394.7 394.7 395.106 395.106 395.106 421.202 421.202 421.202 416.8 416.8 416.8 416.8 416.8 468.296 468.296 468.296 468.296 468.296 463.895 479.706 479.706
491.397 491.397 614.6 614.6 614.6 614.6 614.6 829.503 791.001 791.001 791.001 791.001 791.001 791.001 791.001 791.001 634.799 617.203 617.203 617.203 617.203 617.203 617.203 617.203 471.798 471.798 496.103 496.103 496.103 496.103 496.103 496.103 674.298 665.8 665.8 665.8 665.8 665.8 469.603 469.603 469.603 414.494 414.494 414.494 396.102 396.102 396.102 395.106 395.106 395.106 421.202 421.202 416.8 416.8 416.8 416.8 416.8 416.8 416.8 468.296 468.296 463.895 463.895 463.895 463.895
491.397 614.6 614.6 614.6 614.6 614.6 614.6 614.6 791.001 791.001 791.001 791.001 791.001 791.001 791.001 791.001 617.203 617.203 617.203 617.203 617.203 617.203 617.203 617.203 467.704 467.704 496.103 496.103 496.103 496.103 496.103 496.103 674.298 674.298 674.298 674.298 665.8 665.8 502.4 502.4 502.4 414.494 414.494 396.102 396.102 396.102 396.102 399.403 399.403 399.403 413.001 413.001 416.8 416.8 416.8 416.8 416.8 416.8 416.8 416.8 413.001 463.895 463.895 463.895 463.895
491.397 614.6 614.6 614.6 614.6 614.6 614.6 614.6 791.001 791.001 791.001 791.001 791.001 791.001 791.001 791.001 752.403 617.203 617.203 617.203 617.203 617.203 617.203 467.704 467.704 467.704 489.704 489.704 496.103 496.103 496.103 496.103 674.298 674.298 674.298 674.298 674.298 674.298 502.4 502.4 502.4 502.4 396.102 396.102 399.403 399.403 399.403 399.403 399.403 399.403 413.001 413.001 413.001 413.001 413.001 416.8 416.8 416.8 416.8 413.001 413.001 463.895 463.895 463.895 463.895
491.397 522.799 522.799 522.799 522.799 522.799 522.799 518.401 791.001 791.001 791.001 791.001 791.001 791.001 791.001 791.001 752.403 752.403 752.403 752.403 752.403 617.203 467.704 467.704 467.704 467.704 489.704 489.704 489.704 496.103 496.103 496.103 674.298 674.298 674.298 674.298 674.298 502.4 502.4 502.4 502.4 502.4 502.4 399.403 399.403 399.403 399.403 399.403 399.403 399.403 413.001 413.001 413.001 413.001 413.001 413.001 413.001 413.001 413.001 413.001 413.001 413.001 463.895 463.895 463.895
513.901 513.901 522.799 522.799 522.799 522.799 518.401 518.401 518.401 791.001 791.001 791.001 791.001 791.001 696.801 752.403 752.403 752.403 752.403 752.403 752.403 752.403 467.704 467.704 467.704 467.704 467.704 489.704 489.704 489.704 494.699 494.699 494.699 674.298 674.298 674.298 674.298 502.4 502.4 502.4 502.4 502.4 502.4 399.403 399.403 399.403 399.403 399.403 399.403 399.403 413.001 413.001 413.001 413.001 413.001 413.001 413.001 413.001 413.001 413.001 413.001 413.001 463.895 463.895 529.499
513.901 513.901 503.997 503.997 503.997 518.401 518.401 518.401 518.401 672.902 672.902 672.902 672.902 672.902 696.801 696.801 752.403 752.403 752.403 752.403 752.403 752.403 467.704 467.704 467.704 467.704 467.704 489.704 494.699 494.699 494.699 494.699 494.699 674.298 674.298 674.298 502.4 502.4 502.4 502.4 502.4 502.4 502.4 399.403 399.403 399.403 399.403 399.403 399.403 399.403 413.001 413.001 413.001 413.001 413.001 413.001 413.001 413.001 413.001 413.001 413.001 413.001 487.396 529.499 529.499
513.901 513.901 503.997 503.997 503.997 518.401 518.401 518.401 518.401 672.902 672.902 672.902 672.902 696.801 696.801 696.801 752.403 752.403 752.403 752.403 752.403 752.403 686.403 467.704 467.704 467.704 467.704 494.699 494.699 494.699 494.699 494.699 494.699 494.699 674.298 502.4 502.4 502.4 502.4 502.4 502.4 433.702 433.702 433.702 433.702 399.403 399.403 399.403 399.403 399.403 413.001 413.001 413.001 413.001 413.001 413.001 413.001 413.001 413.001 413.001 413.001 413.001 487.396 487.396 529.499
