hw/01/sample_idw.asc
NCOLS 184
NROWS 101
XLLCENTER 505061.47
YLLCENTER 5258336.13
CELLSIZE 100.0
NODATA_VALUE -9999
[rows 20 to 39 of 100, columns 0 to 46 of 184]
391.0822107860517 344.4122946358647 315.8115553771056 295.11210585238507 291.87347836443644 280.6407173269655 280.76770027150326 268.82389011216145 265.6029201680573 260.6090105628659 270.1053489107283 296.4430119168222 298.16470359885574 308.2103296294577 310.6265491571154 310.0717502231662 295.0912234821136 209.43910966520824 175.24487508921362 229.06952224633534 270.45780779483647 266.1453293147851 253.06719570250777 235.6043852261595 227.17606419031048 219.53379809086624 145.0 145.0 145.0 145.0 66.0 66.0 67.03520601093422 65.87149796163267 67.15317568764786 88.58476817465738 94.8888378154193 55.15831635902258 27.15969067153351 22.805874468258253 16.336917531942493 -9999 0.0 0.0 0.0 0.26917029104907686 2.48386045069875
291.14554905082747 290.0885215000825 290.37163937601844 290.41017214505064 277.3477971900992 260.2996110442612 265.98802557787513 268.68354859989086 264.0678217170775 265.18188878266426 284.24152575333585 281.6940084330155 288.25580966337657 300.72133462166835 301.68463628246906 288.7733700354624 246.12594483671478 185.26992572164863 150.43419303874327 203.54783408447074 254.7087343224943 263.9912841389327 226.55354862114913 220.25870442298154 211.0 -9999 145.0 111.4668565801974 76.77705192780688 65.40759591104545 65.24010846962032 66.26440172604843 60.14175762296675 53.765777499268935 53.0 72.62889580650388 14.55007313383629 9.50308788378304 4.483435787962331 4.0 -9999 0.0 0.0 0.0 2.030249270764077 3.3508092891932524 5.847038992235577
273.3944816486264 280.603962212815 278.8532583480121 268.9774729357353 259.09806430662985 259.1630333400865 259.4649320032451 260.04259561163843 272.7420928371332 276.0802500742178 282.02852365470784 284.8454581646679 290.1828040819228 294.4816105720217 286.78483400549425 232.66595443866765 170.3363206379221 144.58160342512699 166.33719076415431 183.53798533558916 225.07057067332047 219.1399247013418 197.1679800116807 182.0204710404006 -9999 87.0 82.90392004082719 82.64267541687812 58.86962097897941 60.967683871827404 64.03228684457866 58.91618060375617 53.0 53.0 8.0 8.0 2.1465825294920813 1.992186072755503 1.4100068388286056 0.0 0.0 0.0 2.5401625784194786 5.120922565893301 9.932698509263187 12.758586106885957 7.09932857757624
268.0 267.0497013182368 266.67066218908593 263.0257723569902 255.37593254751405 257.5667924878407 250.5516137632545 252.3950516493165 278.08295480511646 278.78576947081154 284.8256897406997 292.1004757245901 291.02903367371334 281.26835666559816 264.7243844947515 188.34485994842498 146.83867632217218 148.03146307623535 146.4290644775782 154.44591829437852 167.4009156214112 164.0 144.0246969069427 97.0 75.02932708176894 71.7016110030263 67.3435488484614 57.110992525815796 57.63388028392839 50.017549166179904 28.0 28.0 7.565729513748749 7.502663499879309 7.229422976332927 1.3345269110023366 0.8401698722118522 0.3963103624094222 0.07500150281852734 0.0 0.0 7.0 10.323768934759217 10.43799176151875 27.898951156642134 36.34678424583838 46.88624374975203
263.89403914366187 261.8071909602157 257.51666615477814 252.13466127435726 246.8098393215763 246.0055495372136 258.2685461120097 255.78571087711083 245.07935397825204 -9999 -9999 285.9726216347929 283.4422740223226 280.0 212.37097010951084 141.49670654173286 148.40138311740958 139.39774334196014 149.1396552360979 149.87428039466326 143.49588967564893 106.28172568063012 86.88698562609255 77.78273730513419 72.89204617333431 62.157768012702476 57.24732783849665 56.64234735451285 25.65695667208158 28.0 22.50541794159332 8.804842365883102 7.1299216136340124 6.218284568277896 1.9516718452119746 0.07898675203111183 0.13516664435607487 0.0 0.0 0.0 -9999 6.999999999999999 36.122840220124665 50.49380792060373 63.95949859647943 72.78158153118966 58.63046906384651
258.36809318747845 256.0 256.0 247.25493828776112 238.99999999999997 195.0 203.77862060439674 195.0 195.00000000000003 -9999 218.99999999999997 219.00000000000003 219.0 162.0 162.0 142.23038155842215 113.42378028153855 109.78611457352291 126.78808215059081 124.52609605127952 95.33433401776227 82.86144356667371 80.82242409860095 70.89778328078431 59.001134709884205 53.6964405937122 42.76334328500411 23.23535356782461 26.171767012714984 16.01760859664771 6.929381604163503 5.484887301483335 4.1325775378166005 1.5522393084645676 0.0 0.0 0.0 0.0 -9999 76.0 80.7504794599808 81.48016547999562 80.7953541600085 75.63444518346996 75.11273259055005 69.38800454624764 212.0
182.18234892434725 122.99999999999999 -9999 -9999 195.0 192.73711600719986 182.89437813759542 195.0 -9999 206.33342662321576 219.0 219.0 178.53464068178502 160.94350457712713 142.9696637383901 116.33919232639923 99.18030154679045 110.886717171103 97.0 81.70921111230362 77.93366550192471 76.35325232427135 68.50217946201957 48.63178164006482 47.398124729135176 32.2524245810265 21.999999999999996 23.477765003721252 8.819564992129989 5.827586550537988 5.244484235808545 3.889274562739818 1.3437433905822778 0.0 0.0 0.0 0.0 -9999 79.86315776999116 77.03203757473538 91.62392745096297 96.80428441095633 111.01402795558087 128.81583326530227 194.0 201.90930274590445 212.00000000000003
118.18110308600947 115.8584044478319 132.0 157.20500986017916 148.79280627430927 147.2578772602521 140.0 171.0577014042499 179.1114312322711 183.8833179314651 219.0 127.10463929110638 129.9828717178905 137.92856287401074 110.51325853244462 104.74281367934667 98.0 60.0 59.921042991893316 62.04328143582088 60.06503782766521 54.78021870865408 37.13574063739136 32.98156907306565 32.6489465599469 22.0 14.962267632409574 4.38413529294516 4.293843710192426 4.866710073858218 3.9892008979521703 0.8139937061673955 0.5149355621121706 0.07959169259972307 0.9073537735682178 14.124728779261568 68.24466332166583 75.82261413966964 90.73460676019685 105.12318392630742 106.10904537504004 115.24562042143118 159.05976671058463 194.0 213.18044804010734 232.74796484674854 246.6071602773375
113.7204139681746 122.6708251100947 126.00365298577776 135.16805123946278 133.8521489099389 132.3433552270437 170.47217762778845 167.8227598711945 145.47530264862115 119.41141990982466 100.40374039767835 94.81160128939604 95.39758733450468 90.60395094512887 82.90503334219653 -9999 59.99999999999999 59.969437100732016 57.17101034443431 53.8372174056719 49.44424296597327 38.19109008130065 32.0 32.0 -9999 3.0 3.4662884686824778 3.6354187847757835 4.028171629030283 -9999 0.0 0.896158334194151 2.4294299295863464 5.449162071669018 24.993532318172544 63.17502238460934 77.34377945897079 84.8039475010823 96.49444852134958 87.38833477227966 102.35572411725481 149.54917121518258 213.7018536256481 269.0022040335311 298.36441987690614 299.07378691981916 233.83411274603392
120.12767050567686 118.03804688332536 118.61145117018266 111.7657092517954 105.94601161355506 137.66938838873426 130.41539994288897 114.79904545092204 112.5090524439218 98.82644710394848 87.44663143695209 79.99789801485488 76.2810422628433 71.65151716229369 60.0 60.00000000000001 59.06734385119906 54.94329849710481 50.71364734226293 44.26195553662872 37.93509620893335 32.774857261677084 29.22796483318448 23.999999999999996 3.0 2.561224965787748 2.680956728003149 3.0 -9999 -9999 2.8530383513108304 3.571489518214255 13.04548162099351 38.874426845311625 65.48499607914421 73.96985759658445 68.58641007765192 95.631825843545 88.13805016074741 113.35475699267442 117.0 269.5894248543419 298.16246519449976 299.7022504134187 300.5154416588933 271.5152626853725 189.725981999526
103.03740323720609 92.03763995907823 88.83338417217335 96.62287056147716 111.61248510351335 123.53631655905377 107.94022292418562 109.38297966356069 99.44480654051796 82.73352411169299 76.96117737473381 64.15422144937247 60.00000000000001 60.0 36.0 46.29717763623396 44.46536302357711 44.95384441348915 40.14316593804724 36.68801975198385 31.094794032333052 25.923982388729492 13.86256288466852 3.8731307539195177 0.37026264620467747 0.5566392064760136 0.5878007700948522 1.0 -9999 -9999 45.0 45.0 45.0 73.46216485910601 106.66048545281166 132.45660747386458 153.58505104017132 151.60421339639873 156.66356276974597 230.51403469037174 296.80445911799217 302.26746069914884 306.5505692992502 312.54685081119214 296.1425694731189 216.052604540286 133.7642452323185
73.07455760344942 76.50007515681452 92.77938356262639 107.54670320464454 108.15157525443455 101.62212168196235 102.92130687360876 -9999 -9999 60.0 49.30246496513348 47.07390059008682 -9999 36.0 35.67547956084978 36.54774759047523 37.24305475262389 35.293714052945795 35.04362866031448 22.81913398523727 22.13290209884273 9.078344865089905 0.6179970828547846 0.09336663479711785 0.5876113627147076 0.8298109708090794 0.5704147595647358 -9999 -9999 45.0 48.26856119048986 49.88979298346892 95.52409124711703 128.0 129.49414300480103 171.3488460173076 188.5904190486365 218.4967689305401 274.09818503829575 301.69085586221615 323.4381743048711 321.88271450685045 327.7574561454344 316.1403414274639 297.0 131.57317224965232 146.37582787608278
76.80085264232903 87.83753654038964 65.51144874157059 75.03555333435656 70.58255173858598 65.02232747533655 47.0 27.0 28.073097393831116 29.386698084529616 30.17606990237978 30.518266872083068 33.48798984202299 34.892108390841834 33.36941030184587 34.85311624553565 33.716823977771284 29.54436686528983 19.150046632060228 9.53362773800347 4.7758306071318195 0.0 0.025942796919909666 0.3790900992686831 0.30015345622441214 0.11089830764757197 0.0 -9999 71.0 69.3407781521594 76.68757816454668 96.66210353546946 123.0206209892352 133.94067694380004 179.93573400037326 192.8021291220065 206.5916338851609 266.6437124500265 314.06565473998 325.63438782543466 332.5355584549561 339.7130398331869 338.7395106713911 242.0 216.37018583900172 187.21860019886552 194.80297478770063
58.536504327842295 64.5788938777946 61.773057679984795 52.31210184462018 47.0 35.64239963225364 26.093049030252168 26.296841629790684 26.912659188763005 29.224699825521146 30.24164611765561 25.811187078512305 26.05649550825435 29.1029157820396 30.473559251679028 27.952171041190137 26.669031615235657 22.43269769264276 9.55931368293142 3.31614625955629 0.0 0.0 0.15694250728804646 0.037320259511404504 0.0 0.0 -9999 71.0 74.90128931762985 84.14328804914986 98.27544312641659 114.95157344354611 128.0 202.9232148765013 203.0553702475804 200.08949145893203 296.5883688421934 321.109357702719 324.8917799029317 335.4185506637828 343.8713594546233 317.5218408265501 237.25878213092946 228.42074408051826 206.4497906821012 195.7253790506237 212.49878674831268
64.03437451443713 58.912319256191104 47.89751658518134 46.10338066847265 34.90819033295798 26.02381124241874 20.760903206766997 21.83184328573544 17.957439102992804 23.34916745737617 19.020305900740393 21.25681181396546 25.27319493383756 21.26104263791356 19.758981064256005 23.829497849697432 22.957872173287996 14.26005401180892 7.0 0.0 0.0 0.0 0.0 0.0 0.0 0.0 -9999 71.0 86.19416201169419 91.76589571147092 140.75391881110787 198.7173233868961 209.51473783032168 216.16183835459003 210.0 -9999 323.22440355709193 341.58129863832534 349.93708206126513 355.6846736766421 333.279169791572 237.09865025757665 233.73487581986703 217.85965483261919 201.25765200465662 254.79506509183415 330.42765729855427
49.57554749826805 42.68499736484972 43.16029597584141 34.81852046552309 17.95134367383918 15.124821358938116 12.353586116369742 10.508736522493873 1.9085688170080277 13.95822577664078 14.667932350832894 11.6864016848189 13.420638644155213 11.326937486340574 11.461176481677803 6.041219703568518 0.0 0.0 0.0 0.0 0.0 0.0 0.0 1.0496048698748246 28.581166690287528 74.0 74.0 -9999 -9999 178.0 184.1448348991223 215.85893695864834 208.28871890082064 290.0 290.0 336.4389524771483 377.4105415633848 380.68740182979457 388.7798976944844 399.0 312.5585043054325 233.24463920737955 223.6309846492579 240.46105710769024 308.41834969307473 316.8092409426374 345.2881323853314
31.4981744860209 25.188264497395135 2.2510305730240976 3.4385192825447213 0.1412943435057509 5.1025573644283675 2.3673059823605587 1.0625559772187625 3.0967284436574105 1.7336041630682317 0.9796379895777548 2.867272121651251 6.398901974461275 2.002518738969789 0.0 0.0 0.0 0.0 0.0 0.0 0.0 4.159017939617134 25.121168252719315 55.697234527553924 73.54705546372739 74.0 -9999 137.0 155.55816864582917 178.28393346891244 195.2227012429434 201.95456945528946 290.0 290.6134317587469 332.88999565886513 369.4015898227173 376.2642239953942 392.9808083784275 399.95857423579236 409.47228094301914 412.35717457865024 -9999 320.50062164673074 326.7670173456664 340.5366164075683 352.2193358186371 376.31236704846964
4.2843158033967885 2.034265172821732 0.8986688816080286 0.0 0.0 0.0 0.0 0.0 0.0 0.0449542210372935 0.002315665716326162 1.01394792610185 0.0 0.0 0.0 0.0 0.0 0.0 0.0 0.0 26.821929906232413 48.24258404103172 56.37836021824851 80.17220411864074 117.6478240857441 194.0 165.0225322305533 142.6180573043148 151.2710451883117 177.2094623864773 225.0 290.0 316.6033360302336 364.73258711820597 370.17816482473734 372.48357959157767 400.9893494161875 424.82930722346936 425.07098213010244 423.0 330.0 328.47325408380345 328.7649282699878 362.8103860949414 397.07251878540734 445.1721563321839 461.16038197142655
1.3836733308040332 0.25130465051029727 0.0 0.0 0.0 0.0 0.6408941897234591 0.4650126246175017 0.621133614588297 0.15054600896007642 1.1379773571931229 1.2566212249948479 0.16360218051687672 0.0 0.0 0.0 0.0 -9999 -9999 50.56059493423932 50.50395701206221 67.51584701117123 108.29487439542694 138.66663738230577 186.53567950846127 177.2669013638721 171.25081626767076 167.3924476324773 197.84210049170392 224.99999999999997 225.0 336.2405985478737 368.0 368.9319218756776 369.5358263479673 463.328005448981 466.8516069622284 457.77891027751315 438.3025980690733 380.5180458233798 330.78702045253885 340.92541981768727 373.4575954326224 419.3495991579457 469.4453503319439 472.2858812889854 493.7703316910559
0.0 0.0 0.0 0.0 2.7185774267069442 3.264110338962944 3.0113265424188493 1.3161255926522535 2.1309805588888864 4.0 3.8191053066927663 2.5129203527404194 2.2252002367403745 0.9557463799058389 0.0 -9999 74.0 74.0 74.00000000000001 115.29381787014236 116.55623038453251 139.85525603073356 179.56281389659551 198.97641125166174 202.7666487566495 182.18663731491378 183.83947373531365 215.97631784839427 226.3268234553839 247.7566793449597 277.0 368.0 -9999 -9999 496.0 490.7300101798156 469.9791011984661 443.0161027024807 432.96732898429747 391.0642242169578 389.1018036913516 389.4734225261176 422.4642780500188 474.5731516489116 489.7216753267828 499.2640151420406 492.9495572004845
