hw/01/sample_idw.asc
NCOLS 184
NROWS 101
XLLCENTER 505061.47
YLLCENTER 5258336.13
CELLSIZE 100.0
NODATA_VALUE -9999
[rows 60 to 79 of 100, columns 47 to 93 of 184]
581.1613727920596 475.9695911844202 440.0088653209705 434.74081494041087 439.0 415.1403341984532 388.0 387.99999999999994 371.90653749520163 255.16101614530126 243.84325739100927 223.55986101649827 196.29963650873742 183.5705933622939 213.0 183.70670900665922 166.49549574843658 141.0 -9999 156.53006442802203 149.43379397723672 149.39470334591277 148.42093193896605 143.06733334838026 128.19882753153743 90.40505740758555 90.80148708995169 90.3352686252271 88.99290461569011 81.37432067808413 72.95665575514117 61.31250021535358 56.54229686032905 50.937284730276154 43.0 37.40101190449021 35.00867971176507 32.727205382032984 24.428389302000607 22.840347490879548 26.205960757278135 26.61909193669073 17.479670718932233 10.935084609907362 6.612542583655667 3.752946996865545 2.4803003062610225
550.9464511810489 552.0 439.0 439.0 438.99999999999994 413.995961650291 366.22346788162486 356.2750716458403 307.9380587720128 274.57268136515586 250.03515505663268 219.409508727839 195.19126710364026 212.91850960253856 213.38603460024302 213.0 213.0 166.0 161.4393816644807 163.8739726370901 151.27726018027374 142.88797211084878 120.00069955447647 110.87320224488961 109.0 92.0 88.59291448790975 84.30360106604722 79.12694251602318 71.25435951980245 60.71286287672689 54.78571617730095 52.2290586256701 44.24571644774637 36.46015104047185 36.91541807175628 36.06209151357392 29.962237988631287 28.85873289865587 28.43072248654474 26.545563499556756 22.131406799120416 13.74620691307259 5.413887616109824 1.7486552367966777 1.2297925874915252 0.3171535342363849
551.5438092450901 486.573780308637 438.99999999999994 439.0 439.0 359.1062717726252 349.03016462370067 352.8991722956675 299.97591674776805 266.86984697416574 218.4402619723709 197.42317632945316 228.20904814767965 224.78812210237172 208.4120354772967 178.0 178.0 169.45109162854803 159.9955639135126 146.73162392257927 128.7655915912318 117.7871141573729 114.13537128565363 112.88703332858863 85.0 83.24847384282059 81.34187590555983 75.80208995386162 69.94122697310539 56.513956414685246 52.20590045285863 47.60453552233494 45.0 41.96390309820145 38.367511651894475 38.84291390856411 35.3938851889042 33.08132559529006 32.45754489311149 31.902975931563372 24.65770264441223 20.122027542323387 6.190495269146277 1.5853209751864064 0.3210795242549102 0.14009027266043686 0.0
552.0 439.0 439.0 -9999 365.3426582194456 365.57387360192035 352.6152098134369 284.9705588599597 275.1863818657769 267.47975499788214 258.46893265317976 240.73678017477232 232.84353680091124 195.9052246356473 177.801366550683 174.82959401051446 165.86058910225364 157.3992346092253 134.19959586566353 127.49659508828294 125.42266220174511 120.21045151579938 130.55664754921847 82.26163534623866 82.56472289735443 80.59226324793433 78.61214169507367 77.29760116234961 63.983477817954906 51.804047798787394 48.11865220899111 47.202791921498104 47.12151580748933 45.64324955002106 43.015023888537996 37.934772302921054 36.340403314741366 35.07672132413734 32.33351163467699 29.79397647334583 17.651920864986277 9.269454669823373 1.3941618634897803 0.7899070559031125 0.37922971209824974 0.0 0.0
-9999 -9999 -9999 365.9336359020771 364.3298480645404 348.59846194127965 306.7996933635525 289.572869475859 310.6994423043099 277.3370534551959 260.7737159790309 250.95287540401867 211.9789642291758 175.13067503108826 168.11065923391277 165.80275070673383 157.43727716706576 145.2181059376224 132.93047678606652 127.03290225810186 139.8183669990362 166.0 128.59437688402485 86.48911836001506 79.26127007513567 80.10672840166994 79.85329219117138 81.45872077807974 66.60143913761543 51.56675282992543 51.21466485243471 51.82741212367055 52.91827270133963 46.742165415188666 42.859694968044415 38.08470426662252 37.15317245774796 35.51942676553815 30.28661125437307 22.599046793268617 6.149231378690167 1.3109063818141702 1.3677989592654454 1.8633400307138268 0.6769797489442482 0.0 0.0
408.0 408.0 383.023327629999 381.0650151468422 374.760797159224 357.08625025701593 311.0 301.57741679739104 274.555412077315 266.18141844464196 247.5354507081738 220.39510111761678 176.59664568903102 166.49814742051126 165.39661541406076 159.7121663655654 150.84609416604653 145.80874401794216 142.87844007098226 160.80764940450877 165.22833023880483 134.81224166726062 110.94063504840254 90.239842933805 88.48888012715346 84.66352996943688 68.41840417090589 65.45796738751325 55.684987722305685 53.38637328687837 58.19703503220673 59.32495852480688 56.79990786145721 47.97415452858908 38.70759358353657 38.11791340150839 35.58455800878594 33.31675725771521 -9999 4.314288882344896 5.2944170694392 5.033036436488265 8.425316079751719 3.9535368745452626 0.604830430623703 0.0 0.0
408.0 386.4920014164159 391.58105730994293 392.246661896692 394.7298836079511 395.99999999999994 265.4194593413161 251.5857296386916 247.51923361761246 215.47430041047028 202.77275787423306 183.14100851721057 175.92293910319157 161.48480560335273 159.05833261271204 163.07677069182583 172.53181013453818 188.16072921562554 173.20315666138234 163.64767142691653 151.67080370105688 137.60632969250167 110.57045606928412 99.28072198641115 88.44565129246712 73.76196696370972 66.91562591887343 61.0 63.18060531679595 63.6354865761838 60.32526198123565 58.123620570360444 47.42875220230916 39.0 39.0 -9999 16.384339817923482 16.42459547754007 11.83631181055678 6.0 8.350102513160586 9.093240108295767 7.372971956351045 0.8228359902281495 0.0 0.0 0.0
367.7502023183593 380.6101412349156 377.82485519104154 362.2426991919789 308.8024808880839 255.79265542215416 245.73617905351762 249.1115511831561 239.14003273392987 198.26349613262806 194.0759271262022 180.83738881514955 173.91339555231147 169.2996353433218 179.6375961100834 190.8489185448136 188.3944670636714 195.52150452661826 188.84619761448303 180.84170022123166 164.79972020317066 135.28858797567077 110.95837146580482 96.5122891716217 76.42880528431184 74.54601514469749 81.0 77.23431640720287 75.45690007650737 59.91958776461804 47.40934910181719 38.04567758991039 24.0 20.999999999999996 18.440235139150694 16.804130471207447 16.658214654966827 17.683104284705266 15.72197031086395 13.985478034107585 14.024417826350119 12.944910257569425 0.0 0.0 0.0 0.0 0.0
356.7067517707327 336.42183431764687 314.3446089030833 285.3845269262284 274.3823500289643 278.54343271918447 263.6568679404123 267.6757244341619 197.0 193.4086875970464 185.01141860233102 180.7243203566842 177.6015879092022 175.6199106951477 178.61871663209286 170.18419658843473 197.66327434100114 202.75347687444366 191.45884482825315 191.21303243850585 173.3596104183078 150.06812286879665 118.06051166621565 79.92848292621464 82.14427368259808 81.61810810902577 80.84240303933649 75.13831340887722 56.46835481802526 51.88546265270182 26.104918847538453 23.505710866527394 21.689773037440197 19.694943840936194 17.77128980352546 17.591955724558773 18.8762800069472 18.949489437661303 16.23512332360515 15.030534177608203 14.9203846270053 7.010504454953457 0.0 0.0 0.0 0.0 0.0
314.0 325.7019889476304 309.74786734044267 303.733073535775 314.51221538399994 315.23908126211205 306.9155348100542 197.0 191.07717470878873 190.87531769426403 177.38797002109825 178.4874898924773 164.04467320397777 133.98223701707124 117.67348380164074 162.1254811837912 195.78903073031975 194.06678828373342 192.29956819787202 179.34504669549176 165.5730766782041 110.09300879943291 83.5534663857135 86.37266213082559 79.64815730852966 74.1109895432164 59.16270997652762 53.43779574000451 48.94357194569289 37.26931438312554 25.334341055895862 22.051102011050578 20.67357900177328 18.430612407444265 18.483884955790288 18.344929439449462 18.82620334905932 17.34730784410206 15.967231545372703 13.517852762748397 9.682775969853783 1.4598482558550352 0.0 0.0 0.0 0.0 0.0
401.0908996596931 381.88463490458435 324.6996049214508 337.62917885643515 336.59534496676713 330.17807652217596 -9999 190.65713180925556 197.05510618011655 197.03190589133655 187.29014423479174 167.08968010083902 125.73060811560367 115.15026945692551 114.89987928908512 171.66517188258038 153.99292712133038 163.18576776674152 155.37659457140927 115.93391862156271 102.06136745519848 79.61744685029343 76.77834406696617 76.97786611699857 65.80245233368437 46.29625665023956 42.96961785086994 40.19884939443838 32.22907022556672 28.022391448533355 28.70998098041671 24.843148644461948 19.02414628036925 16.991760585374706 12.988948504596683 13.384935137412969 14.859006504069816 11.890236168905755 10.84051552137885 6.079423591763668 1.4394164427747747 0.0 0.0 0.0 0.0 0.0 0.0
406.70985621362104 379.76365318462786 339.65588755136093 339.6247794923729 328.2324514297138 309.8065452903441 318.0 232.39959874712494 255.81477035374996 228.85905821462796 189.69908672830346 129.51263022243455 114.69256160162055 114.0 99.972014357509 87.0 87.0 85.7261918911739 86.81780602588884 90.59309657065859 79.81423941911453 67.12529577544878 59.4760752612968 55.13539495618651 39.9198316815406 31.27359477082424 27.0 28.889974841493405 31.759972730117013 33.957382453491086 31.23213786366856 21.365801329448296 12.49042496292029 6.373676761716001 6.0 6.0 3.030999802913975 0.7732292166112378 0.2711595129120959 0.0 0.0 0.0 0.0 0.0 0.0 0.0 0.0
402.5457930010538 386.60275788041906 367.0 304.83614694657047 313.28009600084624 310.32882949773426 242.70426009075456 221.21540904497428 223.91255367751566 208.1523313967212 186.0 130.45201638935276 133.96709434225414 112.3132676074244 89.21291526779356 87.0 84.80254992905193 84.22226315589927 86.19893203752376 70.50973279012503 51.99089266822461 48.91363185226197 51.8125501094663 39.131184259386174 27.000000000000004 28.66458367297439 29.62314249043812 33.49817963982861 34.87280676049349 35.841639064376345 19.76341187506342 7.949579171609565 5.66435211719324 4.754359223241659 2.0 0.0 0.0 0.0 0.0 0.0 0.0 0.0 0.0 0.0 0.0 0.0 0.0
368.22588129772925 340.1775779720199 305.46413778801804 294.9388747385445 284.768291996092 233.00189956050133 219.4282406519364 212.24471087945707 200.20716488047816 188.95628776403208 172.4745640644175 149.2554989535535 121.50737383464174 103.11731253282242 96.77592205768948 83.5670343779888 82.97770427388336 82.48424894020292 81.10247019510341 51.68145353424536 54.34282643406214 51.88854601091756 48.47756118519597 37.06228396329255 40.176847054545576 43.0 40.638046431857326 40.23057565539562 39.779658566593795 24.851214587377445 7.0636832958005105 7.112485879283607 4.984482126656994 6.560032219629172 2.0 0.0 0.0 0.0 0.0 0.0 0.0 0.0 0.0 0.0 0.0 0.0 0.0
317.60956264753764 302.3631817881521 289.2950404463138 252.46972606230648 208.44491480446942 228.26924314133376 225.83977677346437 201.8679258653633 199.9649961037737 188.71442234905493 154.62917200919077 121.15774626178424 112.36117850736835 123.29739489737315 102.00285271668024 86.27934855759109 84.4540422193751 79.5790665251148 67.9233962909976 47.25004937758123 42.89737707929523 42.3413838150121 44.53424917131688 43.09919199075594 45.52990721563462 45.73912010524271 43.60227448834683 39.64383038659818 27.67771328731136 7.370180743770276 9.506318404973127 11.515543129314175 8.239386597352134 2.0 -9999 0.0 0.0 0.0 0.0 0.0 0.0 0.0 0.0 0.0 0.0 0.0 0.0
287.16285740368136 282.29733874331595 242.28442485824522 233.26154015597518 243.45517242595008 245.2899488819536 238.91748856638455 229.0705588644001 204.82608089433933 181.75100780299962 143.02486668173447 125.43084234037488 129.5761472276624 122.68199486209934 121.31894847041357 89.73491827011297 79.49075856330929 67.85650683102709 45.05225891558055 40.72351242762 43.86768900026301 46.24815659628544 46.73202573611203 46.73584734828897 47.747455574173834 43.30871820909238 28.41045291071884 8.200381600586683 6.137633427029296 5.377356623460911 8.304127379853151 9.86397884239141 -9999 -9999 0.0 0.0 0.0 0.0 0.0 0.0 0.0 0.0 0.0 0.0 0.0 0.0 0.0
305.2812817560617 312.3251357651523 286.0586436333216 287.26008622357585 288.84683518860834 270.8412320719101 275.43299273068277 261.70685001532365 249.6018723793392 202.95739896329158 156.94529563089188 139.44615025054125 139.50561735890753 117.68446120055877 98.87346473240801 86.30030461290049 66.56063747939233 49.99127679384997 47.17087187966859 47.22873778845514 48.82606274685724 49.702576678705356 50.23288631691002 48.25322311596985 34.97046999686207 14.757659136188867 10.380931635468722 2.9694780883925698 1.9284017427314755 5.09988424368392 -9999 0.0 0.0 0.0 0.0 0.0 0.0 0.0 0.0 0.0 0.0 0.0 0.0 0.0 0.0 0.0 0.0
349.6270098562302 314.4748163639702 317.10838181968126 305.1809882044457 295.09432012979386 290.6246559910742 286.1618663987189 261.1673033846697 250.05217519540201 213.4967475360307 189.4346451217647 162.0769681216726 136.35822937471335 102.90172529489939 81.8314366779977 64.74298956270904 51.17713191738833 48.450331469667574 50.6021537074714 55.524703251623215 53.18033019221772 52.72733494288559 50.98622180471255 8.865162485621052 7.136906801520306 6.575521675446754 3.0404232992400977 0.3192451740274371 0.0 0.0 0.0 0.0 0.0 0.0 0.0 0.0 0.0 0.0 0.0 0.0 0.0 0.0 0.0 0.0 0.0 0.0 0.0
308.14586363688284 316.91391112870775 316.80552385435266 306.82857712623115 303.83574344299564 308.28284860512207 284.4765150740039 272.29873018404004 226.89549206448984 196.21716766368465 166.95612387489177 141.96718317179904 114.28739126339963 73.701017792628 65.6874310592078 57.579438576635575 48.11419722732887 56.103411204959045 60.09594308446302 53.12841184840431 49.53872979025586 47.46949707529968 5.0 5.0 5.0 1.300927343224997 0.0 0.0 0.0 0.0 0.0 0.0 0.0 0.0 0.0 0.0 0.0 0.0 0.0 0.0 0.0 0.0 0.0 0.0 0.0 0.0 0.0
289.1932541814351 279.78979372401136 280.7815479121243 294.1161001511594 303.13940146073884 290.96913743740475 283.42493047259245 228.28415636111635 171.2918417717113 163.32569732582445 145.02550675863034 137.82506777950516 68.0 68.0 68.0 -9999 61.00000000000001 56.566323079092996 49.74908399902731 44.75373817973532 39.01482299843517 26.50070125799912 13.907159956479957 9.979378838741798 4.197132758674152 0.0 0.0 0.0 0.0 0.0 0.0 0.0 0.0 0.0 0.0 0.0 0.0 0.0 0.0 0.0 0.0 0.0 0.0 0.0 0.0 0.0 0.0
