hw/01/sample_idw.asc
NCOLS 184
NROWS 101
XLLCENTER 505061.47
YLLCENTER 5258336.13
CELLSIZE 100.0
NODATA_VALUE -9999
[rows 60 to 79 of 100, columns 0 to 46 of 184]
156.309322489432 201.16407248975938 233.80297588491499 240.58875416259428 249.49226722165596 251.97660164746517 260.0490494469319 260.9624370040444 251.22977148569638 247.1037197122752 258.95609269677067 270.8024847040585 274.7351234463745 285.21529156993364 302.33463699135626 190.1404948324044 189.0 196.25709570270587 198.35771833503327 205.26287694275638 237.06553093517738 254.02217175932827 303.5552076952158 337.7529417806996 369.4731451042714 428.27564918297156 460.44289824157454 471.1685019019194 480.2888185160953 482.27018581853486 501.90504996786564 516.8485133071214 540.6614320973891 594.8058629354402 631.9501327611398 703.2931244976766 747.0 806.8983262714685 838.455661261422 833.533884511092 808.7713949755212 754.1222471510422 722.5558935984025 699.8683660351102 663.9147642986986 613.5007042017434 571.2363554148145
183.56437600968488 220.0735200477025 243.9163219689102 248.76755026542853 252.24548827508136 253.0650117482597 251.4122578006682 237.97019217448369 236.24380068602792 267.0 261.88487815466783 261.680296230487 241.39971568293183 189.9250851092245 186.81053962394915 186.28206957668797 196.6943516809602 199.21979501444218 211.32587175387093 251.55759460737303 276.48991197272807 301.94601046303745 350.00977936960754 408.860513466982 421.7382110703477 467.3355016970144 481.9698513785305 497.7250603777434 498.72966003309836 509.18488538433434 527.31349983557 550.2156766720001 586.2321540587897 634.5318440542986 730.8022981756006 747.0 791.4187498205567 849.5054048291166 842.7300851966264 837.3924355431618 778.8721015297704 716.6041043756453 692.2404309672651 635.5800218331842 617.9225941058563 581.0997379304736 559.5046651849477
210.91039476152395 221.00033411013683 241.34061417817855 249.23121001626802 250.17073357053908 246.8723166471076 234.5592365219603 230.07249535104674 235.68775713404824 247.32303521044435 240.78264280080907 204.27830946782765 187.18079118567448 191.71260660442803 177.79896665145816 195.48031527226743 202.25882047397687 214.29417194649628 281.4690257204811 306.6362631802305 337.00070760985415 363.07698439939503 373.8266405994488 424.0642109398384 482.6818138048044 492.4034007578068 502.09983179955424 506.49796139767716 514.0574347498687 540.5170015198715 566.3325336784276 581.8509521412884 670.9303731226163 746.9999999999999 747.0 851.0 858.9465816709728 863.8701948628521 852.6809288136071 843.9191268346727 745.1811246898726 727.0 627.0 601.0013544265599 564.0097728316921 551.076814975453 551.4897806602023
207.3433416231902 217.1392597456221 237.14276000046837 242.80052921570672 250.52896428891242 230.7392391291606 229.53277387774236 232.1999797187421 235.334911487565 219.50644481938974 192.27403250419644 185.05593055993262 171.17570756919562 179.9827577471235 199.50655167037854 213.23801428647207 233.22658480880244 282.1741159584126 339.8166394491793 363.66669206682616 362.45680579576856 383.1841123706457 463.8445801402224 482.7031749463099 474.70192872725636 489.8068997491117 507.59816305674394 518.1093421760481 541.141872390275 583.0602167391717 585.0 -9999 -9999 851.0 857.0892613648174 865.084461733256 866.7068995604067 855.0110394248964 816.8933542888313 758.30430955649 722.5954381808635 684.7040827398698 603.1288589864115 553.491213607929 552.4459120045858 551.8465687097645 551.7738413094457
210.61804153494907 228.04735743868412 237.41826172466986 244.41302397925946 237.37366885886973 226.7461086731571 188.73195936624265 181.99342918531948 186.71812652805804 176.84910128512868 179.47132776991225 175.03253906894813 197.35088079525772 221.16614701520098 254.3282342492334 288.3927282888872 312.8516350690096 336.9693687758861 359.6948715865558 381.6189357941213 416.0 437.1267155650632 457.4419432399417 462.88205076612854 475.88329727228654 506.21659762848407 525.0146166972565 535.2786495096657 578.674123409095 593.7433822831995 606.5172140258553 628.0 836.7991831593529 853.1793103700638 869.4837535703326 887.5658737984829 855.5954489026175 820.8890700342712 764.4539920455888 707.0450560079419 660.6602197599894 640.9732052506861 560.7381779125316 559.416096063394 553.0107307052511 536.0707522343758 506.47412212799685
223.47637459473256 231.15067457974726 234.3276611640839 231.42775198247023 218.41824480265262 190.58224543183675 157.5743255450081 165.70557393887657 170.0 178.33498683813755 192.5147693545834 201.5224610055975 232.50620688471832 272.8193945303709 303.34907032458716 322.15272120986424 336.0496722080103 335.8822908924445 416.0 416.0 419.1610405687528 445.59087952054165 462.22817921973603 475.0301642117734 498.9282221719688 520.020792187639 536.3965805485825 573.6894559524377 603.5826841710182 619.0840887267376 648.831253111198 767.3801417975459 817.6751726509431 850.528351898609 869.433356122308 856.6112879853948 823.8417801273746 738.4981741656987 686.6671478167799 661.0276190465919 625.92537522072 567.2077170755244 564.656788534457 553.7206806674212 518.6701054477285 487.32197723067964 456.3165471665158
231.04665860076517 235.92752041688024 225.31488396816377 221.54201746479012 195.0198111707951 165.21747977408484 151.88621584638418 166.48064215656785 183.74450700114468 195.04124853226344 210.5523162851511 214.3882031834671 257.04642861259623 310.37358077159547 316.49708529588844 319.8893725474265 316.26134209033654 294.0 415.99999999999994 387.82575403439677 379.74084231204705 466.0 466.81036629286916 470.1390620670014 508.2906470804758 534.2127965994135 566.6246304896619 606.53164450036 623.8275937656999 662.5079902981528 720.0699631707713 776.1475931488154 830.0484595113912 849.6655761503628 817.5911605603245 786.7562757643685 730.567318228798 697.5847191599856 652.8368307799417 618.5421944475404 570.8480749215074 554.598814180442 539.7743071592063 499.23214097045627 473.30774395066527 436.48750752847417 408.9307470848674
237.06353081862406 217.08266355807103 202.86221751903668 191.08500241916929 152.44259926662417 136.57003239313545 169.2442001396179 179.7314312110164 200.3592255183422 212.2776623528286 223.22026363770956 238.38487350901784 289.1361365965052 304.22960236323974 300.4879260238004 295.0422520354028 296.1988330954758 326.16503179979253 341.45097153623345 354.12795026264354 379.98431363320384 429.2798423070958 464.0607897770926 498.5756875159216 523.3536251197011 552.3575575744609 581.9961874481859 616.8987403232838 655.7955949243564 700.9375108534434 726.2653010990867 761.8889303982077 796.0 793.6912438022548 792.465679425311 752.9504033231094 695.7318209605978 667.0245746996079 608.7363723954779 566.4758523410454 549.5839292205268 521.9318752805551 464.75251569450927 454.24764315424505 436.27249686754607 408.1092777004395 380.923825819469
191.52499996744194 188.74161908285885 184.49003447523972 154.32936081607318 131.13314780852954 164.05146193183919 212.44389256270904 209.8855400101012 220.63003829739458 232.56875647355645 245.5923774563562 265.03383056285185 278.27739169864003 289.544707569291 289.0075440985207 300.0886291537143 312.0395398677173 342.98988916980323 354.74858946667825 381.7785939866355 404.6559545873183 438.50094041752357 467.4885373898134 528.4170143524473 538.6989338713279 575.1896230526186 591.2137205893623 653.1234826563807 692.3393161895415 694.6587659066328 687.3762041847261 796.0 795.272119699964 788.0770244857842 768.0288059209925 696.3792023100772 664.5774953073928 625.1214110274757 587.177001311941 562.2606887584943 544.482379554017 470.6011715228663 440.5939464734657 440.30280993102673 386.0413386416389 360.10421540623867 358.00000000000006
148.24948386439323 150.64407160347025 124.64225327136157 123.65285315028054 164.09355389937392 211.26942137849963 215.93834994285154 226.3346361209201 227.6687125925199 241.06868238346001 245.3676004535883 259.79249770168803 272.31272120220086 287.6701105183317 297.3113969387583 310.069946622605 323.6721914821806 345.37597133991767 396.5590208108042 409.65281117551905 437.4845443624374 436.2570030061696 537.0 556.9350588522835 567.1702541359577 583.4056914475425 608.2232067878028 656.6427176632635 676.4056079927296 675.990085059535 740.0347459789936 796.0 796.0000000000001 721.9999999999999 693.7355248563867 679.8698251375164 625.3501598735012 617.5199450695505 571.9337541555266 545.0 509.8559101689036 435.75793787342866 433.89020891427083 382.4985399489847 358.0 358.0 358.0
114.31333404549963 119.0503522863611 123.96089262404014 122.15242521537994 181.93642682678419 185.2336897258352 187.11499263582593 202.76556162992404 219.9649169532302 223.43916656545161 250.2195515500352 251.94220588684098 273.7400334182175 291.7821454574061 303.9306576108391 317.4082838289937 318.0 380.0 413.52949074393985 432.23219379800827 446.0 513.0 535.3934155169104 559.0 563.3225846455682 603.2983290114843 638.8496517529736 656.7957964483304 665.4380749186478 683.0 711.0 713.8369517276386 718.7965373806854 704.1362936447028 682.766337336342 654.0175525760594 631.4358801084043 584.8395502294784 548.1230270071055 506.6894056761449 455.51629224490756 431.67121085086944 430.302416866542 412.5273756766679 358.0 -9999 417.0
116.19363879376502 120.22217276530701 131.25097495383903 144.58162609890869 155.7251074527636 161.72287331390018 183.47037611831948 198.56115955420375 226.50432401196184 244.09930024488244 245.61014378273225 268.55005031597346 284.21604574260715 292.67095821870157 307.61772808106093 318.0 297.0 297.0 -9999 -9999 513.0 519.5072656810203 541.4298485908118 574.8761053573043 594.9017451779926 617.5777106116112 641.0468370988835 653.3726535336258 711.0 708.6597972851409 710.8300371329357 717.7780531396809 714.130340535291 685.6645509951552 664.5852470742321 621.8455520224298 593.7496878839304 531.3348308183135 509.63075171866353 474.5253624646169 458.7421033490945 476.86241235611885 492.4102914332954 473.0 -9999 405.09581761902984 413.36407962325353
121.95514122103123 134.22325210138067 139.78927143201187 145.6154566216592 160.9212085909113 184.58871660654464 190.3070284738357 215.92520563455636 235.01649295361042 244.3747286856173 271.40800273187307 263.0585941420436 258.0932620454379 261.0 297.0 297.0 297.0 374.16880003449955 446.32125511505444 492.43357183467407 513.0 525.3621713188215 583.2155368671604 589.8225957231759 593.1701444532772 619.8555930826681 638.0348050604985 670.8537208977507 691.0346338504021 697.3519067549328 703.6769486720445 688.9104380676046 683.713214857016 680.2297510324548 628.7427582792202 598.8708511954304 563.9736846668651 496.9115277936224 483.28074286367604 501.20308691602327 509.12682859355664 509.39358238492645 502.2273323276044 456.00000000000006 422.4576552881174 393.59373610593974 404.4607399706782
112.41600194230442 129.79840338957175 143.00138112487627 158.10899552869958 187.6876919300318 193.73855051227903 214.4786731217685 230.73611574955947 224.6408571201831 242.7194925052999 252.99776212774677 259.58417813018906 244.54608143705454 297.0 300.00874301716203 332.9572069945726 389.14841710503526 418.40402213959317 457.7451903126202 513.0 537.3714343534746 579.921657105506 578.0522211065097 588.896947499955 613.7581857000132 645.3282403968109 659.9572387541554 671.7576562771504 690.4744483558015 677.3359712742375 672.838897458013 679.0274856838723 669.808406761953 633.4897885828755 616.7694229623278 611.9411194046838 574.6172353319156 541.2929004389331 531.1027262618588 521.9044718995478 516.6820128347456 492.34050021165757 457.7662612975364 454.294822299042 434.1728787678473 425.88474460521377 406.7599352930602
113.76252369244799 122.90773733090863 137.7899148172092 190.61519450271015 190.6075001526698 231.99999999999997 211.47272993849626 189.7781161679187 204.38212575477775 224.98986474053385 229.61254332256857 236.68692694778838 297.0 324.0820631018013 355.8005525172037 368.2010981929206 392.53089576237227 388.4932245473411 -9999 -9999 575.2981394079235 578.4795125243315 586.307913602929 621.5586586046209 649.7148543897925 659.0998414684401 664.9705034858598 665.9722779636406 660.0214221638147 656.8388798981431 649.0863167096462 655.0898873999673 646.8148138564432 625.3809402582601 614.2613287700531 583.8818583171646 570.6523332771729 542.8702058386963 526.6944291170402 511.94719931147796 475.51267992994036 464.3830315666255 451.6410136001908 442.85315060036095 416.25762014669016 394.7907837481962 348.55673111166357
106.303483556297 112.99999999999999 115.0957090003712 118.0 -9999 195.02970896539733 191.55542693504202 192.780352132661 217.6812974753798 229.12407492021396 244.01338672596773 279.532381939943 289.0819075578859 314.2781156353725 331.85456069834123 354.11021603164494 363.4961438410205 367.98037213595256 -9999 576.492427112396 577.6275659962291 612.3605990066026 660.700602592787 671.3189754078402 669.6802568079922 653.8137747851068 638.703100185084 647.4406415610766 633.3530406243415 621.1839146868997 630.0480342964581 643.6260828181248 626.8856240057114 601.2175310154162 586.8802420485263 549.6299278524874 527.2859964701386 511.1935828972503 503.2429155290567 455.2705683124998 439.6389856256835 430.3634122519244 420.6632913298809 416.624519573414 346.0733742859119 322.9662338591092 310.96251492792055
113.9328395679454 114.94985512146657 116.281861124261 173.21417866444656 206.0 201.10740127978735 206.235883172162 216.23826084836887 225.48524031543877 267.49819490677476 276.5432870336009 281.88928868178226 288.4268791320876 305.9196276198897 352.00205924267556 379.20267966980543 408.8344041119229 438.5111726520635 499.68643616151894 583.8864890181484 646.5159809090669 694.1570444991269 692.0385177192484 671.8657727937248 644.1364867918692 624.6319217870957 593.1007090004746 574.8909591841345 592.0536496587127 568.4727546488638 570.5946611877657 583.2721093810196 599.2441072074773 547.0827147852178 521.5924464260186 499.20324794039095 481.1211999082175 441.6123235468647 411.91708625355903 394.1753672828667 385.3003562573251 373.43529636619655 -9999 326.90897373428004 307.65825242090875 314.77538927614887 311.6482865168367
117.28476277833711 116.99823194764646 171.911771270967 205.99999999999997 206.0 205.4056383272895 216.0368260890172 213.41246157590928 267.411875246506 270.0627121401268 273.4386126155539 278.4457145595269 292.4955121019328 342.80888303109816 388.45486154029913 417.1567024864607 448.4103730578867 509.4352860846531 563.8589963469498 641.8903884170437 681.9139964664579 688.9090110994804 662.1977937539145 635.0892802031645 604.9779541647656 557.5152047836507 552.1856283845985 557.5348145451878 533.7534293144233 538.8271128508904 527.9306981943945 487.287732598016 476.00000000000006 483.23497241327436 471.51255959123307 453.5371045545482 437.4510660723624 404.7830449194445 376.97786341021566 375.71801144284393 356.0543652692623 346.3079521532577 352.57247073256633 346.01391645798196 345.1610239656525 341.8594077798675 348.7696983443272
113.45074963649911 155.19864905800145 205.99999999999997 185.1525389872897 184.6025776366546 200.86413040256528 213.06881603136225 236.92917622889038 255.92880298980432 268.01531613349937 277.177472970639 286.42796946822585 334.3822874840233 356.1881522606799 408.323469831911 459.6713729480395 509.3950168164023 578.9245349349736 659.5457685886447 662.923990796674 678.0535510928829 648.6479891586976 620.4371996922629 574.1236413365473 524.6574588455263 530.4885674661818 504.5328477287664 509.9806966084461 519.1574612284417 509.1988354745731 471.2482384215272 475.46225219395046 458.99223186578865 437.64076804366044 436.75066760649645 436.8925523056372 405.49473982822616 369.1205474725901 355.7223932300328 337.1785414888362 331.3857214631341 359.30687245856035 354.0941843743297 352.17962524102273 349.1260126044914 349.02453248369716 339.96696415101087
105.05380604335562 135.2918683949093 162.4577281772332 168.58726174151496 204.33742073259427 212.6276383368013 224.47568957233736 237.67117321106235 253.14012949288562 264.38708761719494 277.2452887572227 327.2836349450851 365.32536477398315 410.01301698482047 445.7986966776802 528.1492488546137 587.1983392763977 624.9666517867116 659.8576618484402 663.0 -9999 561.8615222961078 524.7007202187513 527.2243543012501 513.403724596421 482.87991406775325 498.0070827454978 500.61417945950393 482.42673651414935 460.23755838930055 445.0871559489474 437.26602786672726 407.62512612780296 402.57792536436335 414.33099040916085 403.9109122525025 378.2976142534856 350.9679259813303 329.23748205414057 325.89548514515076 312.123879897028 330.83984402105546 348.0 349.0 337.56129789952126 312.4164823516004 288.7394404762271
