hw/01/sample_idw.asc
NCOLS 184
NROWS 101
XLLCENTER 505061.47
YLLCENTER 5258336.13
CELLSIZE 100.0
NODATA_VALUE -9999
[rows 0 to 19 of 100, columns 0 to 46 of 184]
118.95777023518568 122.70981209902817 126.62859183953967 130.67492860046215 141.28355014599148 148.11942359084566 148.90306762013716 164.1599555126451 176.4052687107384 184.55742717169161 184.75570586428074 185.12462116553934 190.33336460223862 221.82507768328367 252.59289069018172 291.47994386973926 301.13938417328256 351.67651390548224 369.2586346739666 377.60828834824275 411.6529439292835 423.00000000000006 423.0 -9999 530.0 530.0 -9999 573.0 584.3502587810499 588.6950991253298 591.2570012712923 595.1173450338271 594.5240876123069 619.2583151611735 624.4803990161195 627.0372369857593 576.0429237392143 579.5456252961899 581.0156135759213 564.9633222726387 514.0 514.0 504.23464035892897 -9999 423.9650563778255 419.3162909792937 385.1043965011481
139.16297562711165 142.5704476200619 153.58906396946273 159.95079033273086 152.0593325831489 163.54200561240543 174.83223219685544 180.6158435166633 198.37555114644968 192.61273174417389 191.8880711176439 212.90345185966905 241.97419288918033 239.96623831908275 271.68286009439015 332.1076071672929 364.96674268281913 373.95471233057776 385.93937348131624 415.3563210692306 422.99999999999994 463.17296999580014 544.035302260619 538.7924210726813 532.5230516323545 530.0 573.0 578.4050138307906 589.7336356168069 596.5520000371979 609.6064260050108 615.6444444893121 622.3406426605728 630.7844575519448 617.9262365547164 558.3757170738137 568.1262979667514 564.2750474920487 546.6513623616956 514.0 511.9193666343984 490.79024545940234 454.6215971481998 427.35068740780065 424.9104689115385 385.27608792003434 346.62392968777954
155.611778353811 158.06376482001534 169.44127600735268 160.23877945520786 180.5387201632085 190.87210736949453 213.90056127961807 235.3139087214768 233.9644859902736 240.654253536135 237.8240251150219 259.975833815622 250.48533014906667 307.3417644186148 378.1213117605055 378.2179960186576 437.35003507977444 444.6338604416515 472.0306164440114 423.0 525.5122309776618 549.023453264657 546.4823511590974 531.1360871544181 546.0331857665562 579.6188271862687 588.0308007727481 596.8285674246331 605.2486506173713 621.0978086214595 624.8509712700893 628.5621102194867 613.9832308541907 548.9568254233618 524.8210929440636 527.7770227449705 522.769159847518 533.4128233038532 520.5921572582182 499.34982999040085 488.97660175006456 441.7051942726161 425.81103022065673 421.07221693911407 383.29208196493084 368.1070220572917 354.47760947635027
160.8431678233652 172.71810086052847 176.61669008428913 193.61689443254994 208.93651325397676 250.64971681678284 267.36679839282266 292.89493697645145 289.30724625079665 265.0 265.0 372.0689557421496 427.5315836762861 426.7180141100143 444.48751137649157 466.0619779659023 491.50878997104854 504.08510614717966 529.7488083048744 549.9183224275592 554.7871214204652 554.4214179513323 551.8057692191768 568.8976259428218 585.0 594.8321058477511 603.9553562223474 611.3799849713253 619.0750805312412 620.8425804595369 572.3914349394444 527.0313518750538 520.767158287224 478.7214427714988 490.6939189657697 505.4448557243717 516.0777355082911 553.3572374922259 527.2332697397895 474.7703057446833 443.1078300148114 418.30269309658524 397.83903858518573 366.1647471238814 364.3639227492354 355.80698576834396 354.7967403120311
185.21643848383079 193.68926365450042 218.9223061463243 229.6166894449803 273.5843249957183 292.8628233901731 312.7702828898642 315.6752234167209 313.0 -9999 425.4648426037511 426.0978006577454 443.6465550922521 467.0656952591943 484.18893386699835 503.02797842890703 525.642330132781 538.3846277782643 550.0376470977006 557.7864904675962 568.1293758277164 571.4595000997311 582.4108332346957 586.4213876313032 596.442599697789 602.0315848707104 608.1943060803803 618.223151927906 584.6373036109678 517.4716121928113 511.219038242397 482.59925960434765 468.7130100481962 450.03943286722904 440.8077337832807 503.06924071395474 552.2430908692677 560.3523048034809 526.9013365390374 502.18805134789847 458.51615398597073 420.254562718764 369.4371385849137 363.07987009533366 356.96157661254233 346.88883963831915 335.0
218.4008006282974 221.8562780199872 232.67087616121555 270.7724891074021 327.2302880951054 338.01236736195654 351.096896669169 -9999 486.0 445.49680873837787 440.7367658074304 459.3851255674787 498.738054919956 507.67033375411233 521.3767305088628 536.8759650598106 539.2225786972417 548.4844804967067 565.7230648931085 570.504433387061 573.5448912092303 586.3842170332282 596.3552700086843 598.5538055041724 601.2790007983596 601.4272874719751 620.0 529.2901154531759 498.28442183078454 476.98498184347244 438.67189511354746 386.41837450266985 390.6908461100804 418.1209649234672 464.0120147361672 572.486927429528 581.4716074576664 570.4722262696508 508.24652856141654 489.8390993680339 478.2693865521139 468.23561059660307 383.21248588752064 355.0664383664844 337.1708160253233 329.73588094004424 313.8997628970936
247.83061549800703 260.3571372834695 312.85558876500374 349.50296324521355 373.91696667465317 398.81333940010023 404.12631032041895 484.06687709894203 482.5268834860535 481.66422825060585 492.6686667219877 501.41636023538445 516.1971729830184 529.0134416996052 540.4133279739888 543.5415907571246 549.205880784458 566.6183929394745 569.5126281791577 576.6966480016201 586.7448919366423 596.6074915504345 598.9229508360177 600.1877666028647 600.578335068189 413.7331818522206 435.38417167125505 457.6877976042989 426.6504525440903 387.5785471287617 370.50620497351946 378.31325257279036 403.8836843233738 454.2419345580231 543.4776651736863 584.4629893321444 586.8744308671833 514.5343863181085 475.90655603763827 474.3697876485451 454.2172215375935 394.34830700607876 350.7677706036882 332.74390779362216 313.07285012118894 303.2981787719793 282.4236926418397
310.37967034893865 334.4873477943944 348.4874462435419 381.9209284052346 419.5581967014725 434.69455604310235 466.9619707195566 483.0048438835195 484.5005264154737 491.54756694138507 497.38791443176984 502.0535009074133 525.5868958129046 537.3575952732764 541.4538438668886 545.1651168018097 564.3195266216527 567.1813688055116 580.0475223182345 584.4685174636503 590.5685010980027 589.4457951593977 582.1460411872775 547.0 409.6304581736489 414.64892529432444 414.8017808586494 400.73670965837863 369.2582034527563 347.8460297602814 372.97552396591783 414.6148292798753 460.0652249521422 535.5582980554607 562.4971096652691 581.4247289948187 483.4739442634434 460.3611400115495 450.02154224217037 437.7778360280394 412.7247085665468 353.4658529055604 333.1000241889357 304.13555765334866 288.89050336091987 276.02366960875315 266.6959199712733
360.3452951674244 370.1926641438453 399.05683355514753 437.6445143915522 439.5099190820263 459.8446433411156 478.0446595826823 482.8193779930507 491.09231152097533 495.34431837397983 504.30654519730024 509.3957688547408 525.2094194566431 530.7326086751515 538.4821141135129 551.5874655234101 558.4808055494282 577.5081028747882 582.947756657519 584.955967354269 592.2159393727763 551.1514021572716 547.0 426.6844350726943 398.78664428330313 388.702862781058 357.61181779939733 337.9178692661526 324.2519100723771 365.55147359203795 388.81818660380185 441.43871435138516 512.7592309595256 558.0 558.0 444.5139694442094 445.64912503660685 407.73408136878794 403.2213193246822 397.2236693106542 369.40268637024764 319.83662110086965 277.80820291648143 265.55780514860345 249.97054831446792 239.5562645416672 243.13615742779632
400.32456237083017 406.64914545855373 445.20190874883923 451.7329339962879 466.5017544460729 473.68955262202627 479.31691279239556 485.2781986373888 489.00454185283184 500.0511864447806 510.6043136275323 525.2761988110695 529.6176662769337 540.8386926082756 546.8488929228272 550.706267376516 567.7792258862714 575.0436546486175 574.5064351920646 563.6462357763552 540.8600970337781 519.6144094217265 392.0 376.5022372869443 340.51109731425004 319.16735780966576 315.28121193614555 314.2146520009145 362.3303320516898 391.8825195220722 415.67073724036106 423.1802983737421 -9999 -9999 426.03618091680585 409.2449992053678 379.5667580626999 366.60910507050653 365.37692262057317 -9999 277.99700304286466 274.7520156675635 270.1482826765142 243.069451989874 220.02210227829778 204.52563194444022 169.07747075971173
417.6067354304029 428.0612854562251 445.0186197810437 459.0374814168944 474.8095016571892 477.1322497831646 483.26241495695524 486.0970436183635 494.11022113736925 505.0 523.0 535.2666377461111 543.4899653224047 545.3174941327312 554.902202500427 561.211599058207 569.7605962679058 558.8916716039922 522.6022861737379 488.03119407245674 470.50804131375105 382.59721555406355 328.65295271874044 322.98924164512067 316.9710182882264 316.48418565040544 320.13464969341254 359.85356276380253 400.2362593778402 414.17222606204564 431.81698723450387 435.9876316525859 -9999 400.0 399.3363830858492 373.0597725851947 359.5990829392456 362.0 -9999 284.0 276.69669620457535 280.0910824848326 250.84697102487868 214.88993463891782 160.42596021681155 137.0565334722002 131.63830559453237
425.04351762638345 432.9816085728871 430.3418892681431 476.0 466.074965791557 470.0079047580233 484.0 -9999 500.0 500.0 541.3339661768692 544.2255554745554 548.668036124188 549.2790525394776 553.0274737302196 554.5896486197486 536.031257279416 503.77872565351913 480.6604328172105 451.60533184803046 376.30798443971685 341.7669220770806 326.7678863829303 317.56269127719446 289.43449430425665 300.58946575747643 348.22539539221026 377.6911786103088 412.2425645568437 436.93212588984005 435.615031275561 404.7633072512423 -9999 345.4864576597066 315.63674491758 297.82954124505227 295.604734561225 292.76718661728785 289.2249478274444 287.9992265535689 288.41071343376194 287.79963644091004 152.0 146.282613498388 139.02962537108834 114.929167691636 100.51983245516406
417.2683490373766 420.52061070259936 427.9175707198212 446.36723450639556 454.0 461.04193827853913 500.0 500.0 508.5681219890564 530.8804491852986 540.1187035319447 545.5230735120143 545.0225173034113 548.2144714057281 530.1696187844558 501.5066007900163 491.7872497009348 474.995032540298 450.0 380.2687072406898 357.5529285238789 344.7942710537554 298.14647325012584 275.53883023113525 258.94148878546633 291.1110995397915 364.9170878143915 396.7170073526967 428.9287578480179 414.5374067888712 378.31175882144015 375.0 312.5553064011406 295.6752060185712 290.81771691010596 296.5436202959889 286.730000679094 286.6878150971538 290.0 290.0 273.6871186696801 231.0 204.6578105143954 159.6757307971165 110.93516296546287 107.26412401955034 115.24448445629756
403.8043993373877 408.91307904433506 444.1465562224126 458.05638809141664 466.5883741344491 493.11468752601934 500.21857316990855 509.03776402777737 528.477777643594 531.5248482021095 537.1306446948327 542.0 525.9475706082587 466.229878668967 429.0 428.99999999999994 428.99999999999994 -9999 360.4333590795679 357.6341633275315 344.81081885722574 307.2028150128039 257.89677480841675 231.17118542902085 278.4611700387389 332.4821500638127 358.4078432020865 382.5346601567847 380.70560502920625 374.2549620243832 359.7794869806924 316.49061393559657 306.87733097934387 285.6105898663417 247.05527675612763 276.38982962764936 278.8285094573149 264.8647595486281 274.6476411419712 246.62094951996255 229.53873730252207 224.6418122696918 171.1935310505229 113.33352035746941 98.25854123871927 109.00849392499082 108.80756378792917
397.43666326577375 425.69295477128657 468.86631916192925 472.0 494.35443495155954 502.3771513145558 508.5972439121743 524.0316114443114 528.6781978682002 509.45235888338766 453.0521309149221 439.8260791879523 413.3906771685356 423.2461432548398 405.7706461114728 352.0 -9999 -9999 349.0748217886204 339.91447410036585 333.4556562103585 297.7341602887456 251.5555135368474 238.04775040848787 287.76072077859976 343.53198967255975 362.342189480961 377.573854884474 360.2380555007259 339.0621380969789 319.3791904809587 299.01768305602286 277.20848333460054 256.41494500025436 265.2790111509024 251.71268705942003 224.0 218.6487718063948 212.8378566977907 218.9994717733615 203.5836243685863 166.79254000144945 143.85077821859113 119.10119402448437 98.0 83.0 79.76610777379511
426.67748759641466 451.69911225682637 462.2985197431565 497.6429076777252 504.82015482067635 507.2224273330411 506.0568998716964 490.26089027010084 432.2030986865582 416.87713220758945 427.1257451261129 400.9565644622212 381.9357549343453 366.19118188118256 352.0 352.0 -9999 341.0 331.3980906005638 321.2857871481942 320.3436321297175 256.5180086684382 234.11737970012481 252.59275487170834 329.1919128434939 358.3260152531395 364.7531412894359 343.84949686686144 334.39660243218896 315.58191505497985 266.2172759931615 259.0964908368583 216.3698602784576 165.2292001116662 190.63504925746602 222.4873816522333 208.3842926938175 203.27955399253713 207.49647735951166 186.42377641323966 159.43495598098752 152.6830002319674 119.9330530306753 86.44346499396354 46.0 70.15812601044156 62.994602801380836
436.0 436.0 501.0 493.01206675356997 493.10125592573377 485.31760741490353 445.57381312163915 412.57817663871555 410.1265981248124 393.1834423646056 376.7218079961497 353.0491037425702 350.4115442816031 352.0 340.68994735163847 323.2220872598787 327.0 322.05847020441155 321.44438050945547 309.7720043683513 267.53951698834294 235.17970153124728 241.9569654507765 288.2073893520457 340.78853125902197 354.25117647320553 331.24835797727246 324.43764937431035 301.50242634297643 257.0 257.0 189.93982131353414 165.45421460002737 167.30556550559524 184.74710933167623 168.07088325309905 165.836823229059 180.8093501607871 160.98213177338914 153.11480150949507 139.73330662775555 102.06975557993502 50.46714150816261 43.01867047419594 34.50525832779692 32.88865378228116 20.292851490515243
452.61420327547256 459.0 444.8004495559368 431.56277306025385 424.91232769376074 410.98290203726503 404.6067959710423 400.6101067994849 379.5524836292052 346.58261304865795 333.6176057518894 334.60196959735583 336.65061059962505 315.0000651911696 322.9255970019357 322.18033298796934 324.9084750278583 316.3778158601317 297.7584494065783 251.5597079086855 238.42627898337784 232.81373996883548 270.7872181887305 283.16063557226204 321.67502244490055 315.80399575821616 311.9470339648915 307.035627409881 257.0 217.48536661227888 170.88947062814606 172.9074624999151 160.3174763365886 138.2593648298433 142.98557358067256 143.349883443251 147.79797904402648 150.6785350025828 142.33146299744607 126.72227887266497 94.78591646006699 57.43950759050852 33.147378668830825 26.009936666236797 21.64000774242302 17.92255621790461 4.718912869526781
448.2729657538292 420.8481685313612 406.28909649535547 384.2128783139699 388.8307304219909 380.25570524813367 356.7735375533356 336.4041937165236 333.0809235139628 322.87617325932155 319.6206903815423 319.12051090355425 311.3148883542136 310.55469677692037 311.8729901812787 322.6649011353352 323.76873029175147 284.1551946248488 250.31440570007103 220.27222214885623 230.81965820933794 240.654005440797 285.13612087235896 296.0909631164507 295.029228914632 288.6047799419862 255.29555025692807 226.0 -9999 158.26986915859223 161.01160942062677 144.29909839995582 124.58020211518452 131.02659703286866 139.16327778503987 115.47143761796556 117.82969119145149 116.753123176719 101.48563620027457 80.62896774367964 44.379524983448334 29.705694295552025 19.588140365547357 20.870421791347 13.971253063564397 3.4804842620675207 0.3307826614250331
415.8005368710222 393.29065382045866 374.47326531484646 362.01042717139484 339.9133522337528 301.1821599167672 305.01756516467844 294.26037546614765 305.2516154659723 310.10583067153067 286.24199227529203 295.27328253594123 303.72579065907206 308.21524720265853 318.4629505678327 319.9243401756127 306.3519478947819 258.66535759359306 176.88054589979654 165.2448357533068 245.791442805324 275.1351241265156 280.0456893229994 267.9761294382164 236.514374731666 231.88919738606282 226.0 145.0 145.0 145.0 134.83070616907654 120.99999999999999 127.80593894855166 107.01960687924871 66.31218886862926 89.52757554038429 111.9564315153196 93.18990036078354 63.149395731335446 40.33198413032812 28.63933100163925 22.707492776102452 20.212611790829015 22.0 0.0 0.0 0.23065505297534153
