hw/01/sample_idw.asc
NCOLS 25
NROWS 25
XLLCENTER 7.0
YLLCENTER 8.0
CELLSIZE 10.0
NODATA_VALUE -9999
71.61024911689759 66.37703701316333 64.59695902883696 62.58097007459866 60.21167601311784 61.833086546800864 60.337725262617866 66.88117552849309 74.53150953746912 79.19374847377323 85.59429140393314 87.58409655784816 88.76670904176511 82.82347044741505 72.47682007475852 65.65030911087406 60.046614780315565 55.511944018087064 45.448175844141915 40.88332698066665 38.195687130274216 36.202126 34.4942652119512 32.805747941220396 32.47177217454666 
71.51986664213811 68.42966217125773 66.29329312579888 64.03981890066964 63.25913289259502 62.39697772601901 62.93930794624088 68.75035478204462 80.24586876751967 85.8702266417021 91.87229 91.92766322863595 91.84997401821887 86.82347547578145 80.83541109059799 72.64443515259221 64.05858482787178 54.827587 46.50776851153755 41.16165976879862 39.156827513927134 38.36303000153843 36.79431416362971 35.391612071003394 34.56498428105488 
71.17478202297397 69.86755245105437 69.32239872699392 68.9232378100288 70.68095586500843 71.40623533806273 72.33500079064088 76.27580576110549 83.48810699094149 93.6242130987643 95.840690085399 98.93396801314137 97.5827698162344 90.06738976296069 84.61238102035082 78.41372929621119 67.4025453971393 58.61454161061847 47.23357988486565 43.99272181276035 40.60410648841022 40.14780012883356 39.166452462443374 38.210139538859096 37.60332833432096 
72.63970223022233 72.55334416200222 72.37164579715406 74.13664064298882 76.16782870465758 79.08509668066873 81.91763047242902 86.25 90.7971756685697 97.99670299225986 103.8169634993214 104.18469042739949 101.71642996809409 93.8349286937582 88.98386451853783 79.44290624882528 67.27744066265909 60.24175423747258 48.633624754682685 45.50476230037029 43.067248443165695 42.40011283053139 43.439021488025055 41.59769953495795 40.199953250178524 
84.67219281440101 80.59384770901572 79.74102064697887 80.42345294545161 87.19009789428024 92.88349411085271 93.94043063828964 98.6530729700285 103.04871237906791 107.3563061939703 108.53133911186727 108.59659462983551 105.08291507114636 98.84093142807714 87.08878753689093 78.00717680868439 67.90271108517786 58.61623546560462 50.5663754410655 47.455897348102745 46.6207769399559 45.904321028507134 45.11532820583929 44.39414755769895 41.78454246570494 
89.95102756638946 88.93760782155789 87.71650960286455 91.17233816534254 98.51406837582805 100.77282110252233 104.5780497195495 106.2242919342985 110.35486636174372 112.83043932495423 113.04496814742238 110.81508120838467 107.04997824315582 97.31070114486725 87.96585651874983 78.76271071769247 68.84576764750992 57.44755785628336 50.98797007732307 51.49285540582785 51.35691897464099 50.344006384843325 47.31751904699994 44.59274239419666 41.229967592847714 
96.80168488961745 94.50005505436177 94.56405461685966 98.24335187278973 102.95043256673442 108.23390609443491 110.11922264318174 114.78453373238897 118.34049648056546 118.73176346356969 118.57074214284769 114.88460404799939 106.95184530671531 98.6589668093499 88.2819837494665 80.5231502552883 70.04214804335324 59.60390295366692 59.11192040168462 59.88053254042182 60.40712945175703 57.85647182313165 50.816962158371986 44.56925484821043 41.951709707364024 
101.43611074204716 102.16778765779745 104.12271170126266 102.8474215976809 110.42027059356386 114.98056097101488 120.20238928356153 122.42930953154048 124.35845661183785 125.45340336474393 123.53755890248759 115.03521405986757 107.61187717185071 97.75472532029575 91.22832321363397 81.30793349326505 74.45750156548667 72.80015268008968 70.31838061558817 69.7097736453944 63.62552062618466 60.5905756067175 52.11027019390553 44.15192037323617 43.19148001282074 
108.56907861795386 109.28225341668232 108.67253734993226 112.09730527507594 115.9264262714094 121.34817923785123 124.14117492115028 127.92007195644983 130.86402890044585 129.34427470115057 123.54643583598292 119.93534125723461 106.55673192734797 101.0029317311542 93.15587703608475 86.07612786111766 83.61075621929703 78.38575780045316 78.62615200975361 73.95508445130656 68.85015064783234 61.60010147965517 49.913443064157356 45.51352707489354 42.11132825353956 
110.21799657265588 111.83719669294041 114.97317526260046 116.85044641793709 121.25423014519137 125.14068536222507 128.77501821204726 132.46963402709034 136.17473416450304 137.15457947878443 131.89972442278534 119.48429888300949 111.48365582268038 102.62351983223603 98.2766784133659 93.41700366449635 90.34885242146525 88.733089078204 83.63966835841848 76.81101708808933 68.81272459263789 61.77435191709692 50.1600094371908 43.91993162173063 42.60207958436327 
110.6584209228405 114.62040413518272 118.96056340863883 119.87246440902327 122.6088086025908 126.082049624412 129.48155815700176 135.5099108696328 139.02055918886703 139.81823245741217 136.69433037221793 131.5315712749514 121.49513180516271 112.98358153030502 106.82715778831113 102.15159655837586 96.66779484530086 93.94375026628067 87.07437653946462 78.35284655345028 67.79416933338784 60.80033542602813 53.127281185326645 45.42078987034041 45.06841310681111 
111.91191873975633 114.20497729478714 117.21533308959042 119.4242087940896 123.36875834142386 127.24528877056962 130.67328921769 137.0946053445352 140.59892588836215 141.60830928961727 140.27274051927014 135.8270614923399 129.40936748579867 122.7421810389058 118.65211195886242 112.28002480573495 101.11119780171438 95.52563385293293 89.66145628903321 80.26702806672854 68.18654568376398 60.34218361354488 54.009670125184265 48.423626417158665 46.40848021347207 
111.60966483191825 113.52200826462435 115.82528835071497 119.21842875322282 122.79374190501213 129.0329042156111 132.9981630940244 138.50588519330194 141.95613272726374 145.47121427518522 144.86121660374076 142.16214398177698 139.69374247459544 133.6585904036459 126.15744413328048 118.8340302450335 110.35429588037903 99.21807982191815 89.41357159236726 80.24864800642963 70.97467303741897 60.89913857467964 55.00695531607708 51.19576865797662 48.46964241849298 
110.22049930718696 112.10203860591928 114.45513382442492 117.1254707316842 122.60459939350893 128.81235873154176 133.93224633909355 137.2261269321493 141.48198894748506 146.8485955076525 148.81316359331018 148.8448623854239 144.89566518300788 141.93627597760818 129.72074304898038 121.7196717563938 115.75099097616909 104.4782095124824 93.89688285127689 83.57962763058441 73.3358282655223 65.99979283779477 58.313974878595644 56.76928677347648 53.52234807663851 
107.48066142759986 109.85813607567518 111.2827938241513 114.86296765417703 119.52965711548902 126.47031822198323 132.83900539093514 137.19469978218544 141.6945766619816 145.79650492449832 148.43529497735344 149.68102492193916 148.23682624327932 141.10463616048546 132.35402035468582 127.52015774547425 117.32908317431726 112.00533812306871 100.25431406020692 89.65605728799974 83.99272385186084 77.31109251505413 64.56598770885883 62.13636686510159 59.95498833335695 
103.5642609008245 104.65858781883156 108.16134422145876 111.76553203944445 114.758556333736 121.35524754191856 127.23015568455482 133.6005044446093 137.5234790991489 142.98041263554754 146.6255429172683 149.84223055373855 148.81951316556643 143.8654375185398 139.89870120442103 132.7418145850746 122.17235839385098 116.79165970030326 106.85723659897108 100.16940297873862 92.69738260734147 92.65772057976334 85.80429380150834 77.21433732425459 74.06376228893622 
98.0048860200016 100.58370245325273 102.80494655871601 107.45673513208624 111.12079798811477 116.87184082847476 121.53754565485767 128.1450502964528 132.89229569166298 137.19062195880326 143.9857765912024 146.6402935248544 146.888357937914 145.8992499707603 142.97896864549853 135.4966785775824 125.61000957208124 119.39432692461354 114.72899570828832 108.93096697984551 103.26602843294175 99.14313519526631 95.58380489860797 88.10578861788653 83.3438021140233 
93.33415438268501 94.8350082593491 98.0479923525443 102.38509113607286 106.14505211346751 112.28431942939801 117.66149408527056 122.52864607514785 128.88889 133.47435906279676 136.5554306718105 139.7222595139176 141.23099013853508 143.0161243747786 141.66585182853814 139.10011361806448 131.46500070348097 128.39092124054733 119.30878928734845 116.97034904542738 112.46652435954277 106.3600776344707 103.58358351011728 97.57161159012001 92.59647950947698 
88.12821221134185 90.14013127145694 91.19724059680877 93.05604584421144 97.60934946654336 108.44328591784067 112.85082728303657 116.52642864163955 122.51672626337763 127.00775770860061 129.02810526474536 132.14139895244207 134.11835800586303 135.90675917829813 136.40144046476712 139.44913693461208 133.17920202665854 129.55318994239585 125.47795618415935 122.79164909812278 121.70808873840275 117.41235504311709 110.05910882215237 106.84054926858765 100.35089127818935 
83.3731449357361 83.63642544586148 82.88595145623334 85.46291394800059 87.96313176413614 98.09692250467145 108.10127308759674 112.87940866779384 115.42509713810132 119.57344855743611 125.3930628868471 126.9704232804186 130.10827584143811 130.1846701753807 130.84544220778264 132.16617744783937 130.7701338500221 129.97322129095102 128.8727928055757 127.5562487429442 124.71243572433005 121.94444 118.12165368902582 110.22218273475923 102.57381290522171 
77.61523896915733 77.6573607184796 79.0853143637721 82.87329635243654 86.63187951637792 96.35621152796615 102.46484747489164 107.24687932969142 110.83595628705419 114.3560170992678 118.80016009298505 121.21510717448086 124.32508259721504 124.73848696815635 126.7303766120642 128.03145587165406 129.66589017998598 129.79189065056082 129.79189129787787 129.71051511474963 125.97508465080847 123.17151174820093 119.67197075119259 112.40232589805449 106.27323669101898 
72.54831693529444 73.65903865838462 76.43555016291663 78.31185799099443 84.6343189165166 91.96999458299038 95.11316431901245 100.11391426625272 106.86399024637181 109.33820596855766 113.33077747811284 114.56064849347509 116.88732702026738 116.90948035414057 118.8546660462883 122.39541722016214 126.41469510160249 129.41624241871344 129.67615012716203 129.81644855997484 127.3981725901038 123.12302725155433 120.13566028221032 114.29513348461059 107.37796219683321 
70.56356222163777 70.1276246266772 73.42144280089079 78.7400940258159 80.7933177284404 85.52629327192253 89.32947979621957 90.58493744466696 97.3634953586138 101.74884136978629 106.56770921262387 107.58306395767349 109.19232199048534 111.07440951257087 112.63786111079916 116.79499606420592 122.15270024060145 125.36739473297872 127.13160812925815 127.57474750648754 125.09539576691841 121.86620710256722 120.2141534439567 114.86830163353176 108.90822306927656 
70.00499265571028 70.15306373129923 72.3172208896974 76.76520399461786 78.02513454006912 80.52718308024076 82.91333117446534 86.66024794338715 89.46070903782164 96.22019848247483 99.66225068523188 99.06166070673619 101.02372525021057 104.8702957723743 106.96512618338441 110.84940499573493 116.97414864654431 121.35837811460874 122.67864392216515 121.99476901046674 123.05495764372651 120.98939231732635 119.78017 115.90609106728729 111.81518585953108 
69.99999999999999 70.0437006362884 70.69572529796744 70.57903206788032 72.19984246108032 73.02038801004086 76.92442558434557 79.24814343366086 83.59321422578793 86.71658798554014 88.29410384212389 89.26482025865752 91.31241430640455 98.44536796802652 100.7941720076985 106.93400202533707 112.8571781908731 116.46228878784088 117.66013446080983 116.6053086246711 119.926475177838 119.10835273645928 116.64818617715073 116.01107198391593 111.81321601595384 
