hw/01/test_tin.asc
NCOLS 250
NROWS 250
XLLCENTER 2.5
YLLCENTER 3.5
CELLSIZE 1
NODATA_VALUE -9999
[rows 57 to 75 of 250, columns 0 to 43 of 250]
-9999 -9999 81.52131922518589 81.55001749070699 81.58055362651942 81.61292536451346 98.67064767018884 95.5094607325624 91.97008991004793 91.9721576105795 91.97423799305349 91.97633142364562 91.97843829477392 91.98055902677382 92.17538822703474 89.16841967007623 89.16999375118205 89.1717302499494 89.17363488204467 89.1757132943997 89.17797103475216 89.18041351894257 89.18304599603225 87.1670649397752 87.17140762592715 87.17571270791794 87.17997460128747 86.30094467266566 89.28487401501144 89.28772345400566 89.29035276507676 89.29275084734766 89.29490632331988 89.29680754944012 89.29844262848009 89.29979942379192 93.9132631376665 99.02812472556208 98.78969101033836 98.75608918148713 98.72195163261304 95.6097680936635 95.58941630038068 95.56882385317188
-9999 -9999 81.61134911225363 81.63997491103339 81.6703869128634 81.70258300605629 98.67190166534631 95.50722062771658 91.96866180306456 91.97072111971188 91.97279321784617 91.97487846472036 91.97697725307113 93.80442455111587 93.80237627804465 92.17531499214631 92.1740145194689 92.17270188561571 89.17961850900305 89.18173799721468 89.1840310244224 89.1865025616947 89.18915740764544 89.19200015405131 87.16178535941103 87.16587723128255 87.16991887495789 86.2699329531982 89.267828345516 89.27040378470964 89.27275855546992 89.27488189574373 89.27676278788776 89.27838996920687 93.92855414502871 93.92643989076792 97.35948708720225 99.0230852870433 98.99449609920254 98.96578685704537 98.9369843034863 98.67743405657497 98.64298009669892 98.60805794583133
-9999 -9999 81.70005336326727 81.72860621144899 81.75889567774325 98.67507874013754 98.67317024696547 95.50496620902486 91.96720132331922 91.96925139803571 91.97131431452021 91.97339043912815 91.97548016285653 93.80811315407918 93.80614735563367 92.17657980244128 92.17530486195479 92.1740186729224 92.17272113971764 92.17141217950335 92.17009172453865 89.19239711859943 89.19506936767996 89.1979226122474 89.2009607850297 87.15597267689614 87.15979736950739 86.23931801995165 89.25094458409852 89.25325516857899 89.25534477811786 89.25720298067634 93.94356718157614 93.9413871178465 93.93932252173852 93.93737906195256 97.37140332154947 99.01829253848003 98.99045104065993 98.96249702786781 98.93445640081794 98.90635531447391 98.8782201544396 98.85007751516153
-9999 -9999 81.78745629522902 81.81593562011965 81.84610394845608 98.67634468989097 95.50051449174173 95.50269839908171 91.96570867377926 91.96774865918967 91.96980150859062 91.97186758558485 93.81368372338405 93.81179075747023 93.80990581745695 92.17786889663354 92.17661996826371 92.17536070393228 92.1740910548848 92.17281098750522 92.17152048566787 92.17021955333473 92.16890821741588 92.16758653091067 89.20668600249692 89.20990447990025 87.14962045395087 87.15316236142469 89.23422473140968 89.23627935309501 89.23811290973543 93.95606219709138 93.95393519013464 93.95191933302675 93.95002003965844 93.94824287094049 99.04072309761972 99.01373690001365 98.98662064210734 98.95939912298583 98.93209742198849 98.90474087334285 98.87735504244799 98.84996570372004
-9999 -9999 81.87358168764003 81.90198684072766 81.93203524837723 98.67762451465316 95.49827538635189 95.50041810655975 91.96418409267832 91.9662131537357 91.96825506421591 91.97031018323281 93.81727108386434 93.81545565065343 93.81364993303637 93.81185545819602 92.1779586192259 92.17672669942974 92.17548534957986 92.17423458312966 92.17297443316667 92.17170495502468 92.17042622914477 92.16913836420099 92.1678415005066 92.16653581371658 92.1652215188416 87.14272431931047 89.21767052029995 93.97045876268949 93.96828161448438 93.96620648831026 93.96423841458586 93.96238256499217 93.96064425233232 97.39762166498711 99.0356995239367 99.00940900161868 98.98299618593859 98.9564850767478 98.92989995301161 98.90326534766973 98.87660602390946 98.84994695277778
-9999 -9999 81.95845279627149 81.98678306488057 82.01671260739849 98.67891792462284 95.49602454936178 95.49812622573593 91.96262785223385 91.9646451677627 91.96667528267861 93.82259500070994 93.8208456768278 93.81910621105332 93.81737806406069 93.81566277752609 92.17931960465576 92.17811539152991 92.17690269557558 92.17568157511927 92.17445211002725 92.17321440431581 92.17196858899612 92.17071482516721 92.16945330737117 92.1681842672228 95.23460745614189 95.23354840658176 93.98235614094551 93.98023335004993 93.97820891463893 93.97628764097723 93.97447447060725 93.97277448038012 93.97119288224314 97.4089882649255 99.03091539429742 99.00529969758155 98.97956916704779 98.95374702578407 98.9278567734622 98.90192216148463 98.87596716933331 98.85001598205638
-9999 -9999 82.04209236656725 82.070346984294 82.10015857234004 98.68022462950042 95.49376284024613 95.49582363605624 95.49789684292479 91.96304502144334 91.96506250081971 93.82608242101252 93.82440597969571 93.82274090236125 93.8210886623663 93.81945081219881 92.18070172590878 92.17952552628007 92.17834178121517 92.17715059169073 92.17595208190276 92.17474640186052 92.17353373020062 95.24911327248799 95.24779613449671 95.24661248247087 95.24556857831674 95.24467082916686 95.24392578168033 93.98995014707316 93.98807467007596 93.98630338099866 93.98464113239098 93.98309290636159 93.98166381429459 97.42024338230804 99.02636117338147 99.00140007799769 98.97633130365777 98.95117731894304 98.92596086530784 98.90070493256431 98.87543273538016 98.85016769073559
-9999 -9999 82.12452264668394 82.1527008027385 82.18239521730314 98.68154433862738 95.49149110401666 95.49351120173823 95.49554284979779 91.9614130675513 91.96341708943574 93.82955561933636 93.8279505506903 93.8263582726236 93.82478026780254 93.82321809606303 93.82167339754879 92.18095586600522 92.17980131377338 95.26532426715104 95.26368713105046 95.26216056098669 95.26075003893018 95.25946119477591 95.25829980366237 95.25727178257083 95.25638318615584 95.25564020175914 95.2550491435599 93.99960694311632 93.99787671149888 93.99625158483755 93.9947363266555 93.99333582447831 97.43359648684773 97.43138462223747 99.02202758476598 98.9977014776254 98.97327454563771 98.94876852487013 98.92420541955904 98.89960747797504 98.87499716913405 98.85039716030757
-9999 82.17914127651439 82.20576540017491 82.23386624774207 82.2634441539369 98.68287676112348 95.48921017086008 95.49118977141016 95.49318007723676 91.9597496899486 93.83456117937294 93.83301324158847 93.8314780270259 93.82995695222874 93.82845150599829 93.8269632522689 103.06199644832851 100.58739314625777 95.27653961909799 95.27494572882634 95.27345766028071 95.27208059818625 95.27081986662961 95.26968092675563 95.26866937381979 95.26779093355331 95.26705145779637 95.26645691935786 95.26601340605907 94.00920166849909 94.00761301260437 94.00613027386521 94.00475812682431 94.00350136465364 97.44443220109721 99.041500748252 99.01790561767788 98.99419548240628 98.97039108060217 98.94651343750498 98.92258384099259 98.89862381786303 98.87465511081322 98.8506996560757
-9999 82.25925824502309 82.28584191832442 82.31386458204327 98.68599728541601 98.68422160602186 95.48692085581105 95.48886017778634 95.4908093759308 91.95805530204943 93.83793488426 93.83645400769862 93.83498712301058 103.1096756861974 103.08193953494225 103.05336888304505 103.02397466908987 105.08522449370605 100.58705682320296 100.58854363872499 95.28311614299996 95.2818832692881 95.28076686889096 95.27977223673186 95.27890479136471 95.27817007114663 95.27757372971556 95.27712153073557 95.27681934187271 95.2766731279672 94.0172816847579 94.01593760886684 94.0147047473655 94.01358779937121 97.45515620093671 99.03699107562315 99.01398653161142 98.99087393393201 98.96767333805865 98.94440507974734 98.921089751183 98.89774817770785 98.87440139511456 98.85107062747224
-9999 82.33823207455467 82.36477303214004 82.39271661479135 98.6873369015298 98.6855785824018 95.48462395845846 95.4865232373771 95.48843157957313 93.8427210847113 103.1485839350592 103.12367206621224 103.09792558486494 103.071351707653 103.04395876700414 103.01575618976239 102.98675447179062 105.05758401245936 105.03730087060644 100.58665206427035 100.58810965051107 100.58957275085837 95.29059080417156 95.2897350482431 95.28900615530732 95.28840948039647 95.28795048369318 95.28763472519681 95.28746785866512 95.28745562480148 94.02688097181017 94.02567188469493 94.02457453828663 97.46753609619226 97.46576671973546 99.0326933784254 99.01026185907588 98.98772893211198 98.96511399184466 98.94243670551921 98.91971699005289 98.89697498923391 98.87423105136884 106.67734941224636
-9999 82.41608309714717 82.4425791240108 82.47044271249145 98.68868827788302 98.68694739951897 95.48232026268423 95.48417975023318 95.48604750461185 103.1340358020764 103.11020226813538 103.08555307588986 103.06009411624491 103.03383235496982 103.00677581692901 102.97893356642317 102.95031568380709 105.03046940802564 105.010448981619 104.98991295136187 100.58617792539158 100.58760479418177 100.58903611616365 100.59047156715738 95.29897370549428 95.29850958365186 95.29818233459808 95.297997320206 95.29795998658456 95.2980758573078 95.29835052591237 94.03533152506726 94.03436597977982 97.47786172973217 97.4762622091282 99.02859891823495 99.00672340671257 98.98475283627127 98.96270596107307 98.94060180042942 98.918459616135 106.64099612082589 106.65871953911598 106.6764153303157
-9999 82.49283120624355 82.51928013903883 82.54706280969468 98.69005112966575 98.68832776693351 95.48001053643425 95.4818304997228 104.35704509066129 106.92214688578831 103.07261874888091 103.04822849188052 103.02305236119149 102.99709708674338 102.97037040437984 102.94288103775324 102.91463867676852 105.00386860238503 104.98410448241071 104.96383866549496 104.9430799998257 100.58563353472904 100.5870282061606 100.58842624067603 100.58982727899696 100.59123094037716 100.59263682160864 95.30821024983669 95.30829686663753 95.3085351827485 95.30893057285508 94.04491507750458 94.04407767701359 97.48807663041826 97.48664132772562 99.02469924560705 99.00336325499619 98.9819382648859 98.96044240978281 98.93889408122615 106.62368750398976 106.64095812004068 106.65821525776727 106.675442947279
-9999 82.56849586799024 82.5948955960533 82.62259641943362 98.69142517244617 98.68971939463532 95.4776955315198 104.33750558135894 104.3361023421077 106.90386610161644 103.03581296178413 103.01167800832819 102.98678016949289 102.96112595315634 102.93472282318803 102.90757918275105 102.87970435440258 104.97776981680082 104.9582558737931 104.93825365659536 104.91777163441276 100.58365970915463 100.5850180967348 100.5863791027937 100.58774235437113 100.589107457022 100.5904739938456 100.5918415244773 100.5932095840411 95.3188350519523 95.31934565360567 94.05442120840507 97.49956229055256 97.49817953965469 99.04169815460398 99.02098619836949 99.00017375671423 98.97927809414115 106.59040692901016 106.60721354830679 106.6240349190418 106.64085590593885 106.65766121154971 106.67443539320644
-9999 82.64309613219366 82.6694445983141 82.69706264340479 98.69281012229038 98.69112199316706 104.31840541570685 104.31711811079526 104.3155033379841 106.88588374338342 102.99976509805522 102.97588191799747 102.95125797872001 102.925899578719 102.89981392558188 102.87300912056592 102.84549414020445 104.95216156632935 104.93289193323906 104.91314698507314 104.89293483381095 104.87226408591447 100.58300651733569 100.58433089608371 100.58565678436173 100.5869837750224 100.58831143850797 100.58963932186845 100.59096694774342 100.59229381330626 100.59361938917036 95.33037647827574 97.50939985265906 97.50816938164346 99.03766185535872 99.01745189884076 106.55888348627539 106.57519332865388 106.59154360580933 106.60792004376317 106.62430817925639 106.64069337652516 106.65706084401242 106.67339565102525
-9999 82.71665064294672 82.74294584391413 82.77048018190068 98.69420569588003 98.69253527374414 104.29855260052969 104.2970595849988 104.29524377106796 106.86819539402512 106.85861421497346 102.94082109318698 102.91646679613889 102.89139914536236 102.86562510662627 102.83915249643485 102.81198996500316 104.92703265409664 104.90800171042136 104.88850796669543 104.8685591979106 104.84816365180757 104.82733002711089 100.58228234090629 100.58357130145727 100.58486063892676 100.58614991210759 100.58743865650973 100.58872638337182 100.5900125786379 100.5912967018987 100.59257818529679 103.18957177270131 97.5180452535688 99.03381141071945 106.54489790547439 106.5607475876932 106.57664748627046 106.59258399612632 106.60854331369569 106.62451145331264 106.64047426357882 106.65641744371491 106.67232655990288
-9999 82.78917764893644 82.81541763588832 98.69725433637333 98.69561161062722 98.69395894837234 104.27901473799805 104.2773260194992 104.27531922702488 106.8507966570429 106.84121531643164 102.90647696722618 102.88238818110703 102.8576063759006 102.83213828890604 102.80599146772536 102.77917425448682 104.90237216539684 104.88357452246792 104.8643261690444 104.8446345619731 104.82450761019672 104.80395365445791 104.78298144594571 100.58148661501714 100.5827387691539 100.58399014598962 100.58524027050828 100.5864886435976 100.58773474105871 100.58897801258303 103.18811106935522 103.18860601259972 109.09504873754462 111.6462753340227 106.54703943591667 106.56249550522051 106.57799772088266 106.59353292570567 106.60908777164578 106.62464873574392 106.64020213608285 106.65573414776813 106.67123081893793
-9999 82.8606950134438 82.88687789203742 98.69865278311309 98.6970275847869 106.90539066563461 107.64262735810895 104.25791332371698 104.25572520098993 106.83368315839657 106.82410428638912 106.81416334015245 102.84900422795411 102.82450351787655 102.79933590747757 102.77350869012308 102.74702991674124 104.8781694616592 104.8595999489902 104.84059140765173 104.82115099390474 104.80128629647781 104.78100531762401 104.76031645317468 100.57940341138111 100.58061886213166 100.581832846502 100.58304487993279 100.5842544539765 100.58546103534096 100.58666406490215 103.18716296298615 109.08086987671419 109.07645090336574 111.63303604207292 111.62998481531073 111.62668417942656 111.62312737671732 106.59439502719029 106.60955764941792 106.62472385070512 106.6398804040118 106.65501394567951 106.67011099109504
-9999 82.93122022404592 82.95734415447463 98.70006096513954 98.69845333756645 106.90596518806285 107.63370808358702 104.23881731656351 104.23645711279724 106.81685054840753 106.80727669864332 106.79734767258994 102.81629754934684 102.7920733277986 102.76720089511014 102.7416873039969 102.71554032984618 104.85441417432482 104.83606782693451 104.81729374186726 104.79809879117558 104.77849026072253 104.75847583248621 104.73806356591244 104.71726187842035 100.57850159046943 100.57967869520006 100.58085317505213 100.58202451322418 100.58319216834306 103.18575119536087 109.06699992459431 109.06278223112557 109.05822562657899 111.6200229300979 111.61686567620877 111.61346305370834 111.60980859669291 111.60589585118208 111.60171838767121 106.62474045607044 106.63951232240805 106.65425968343975 106.66896950732945
