hw/01/test_tin.asc
NCOLS 250
NROWS 250
XLLCENTER 2.5
YLLCENTER 3.5
CELLSIZE 1
NODATA_VALUE -9999
[rows 38 to 56 of 250, columns 132 to 175 of 250]
98.91874298024858 98.88970901829441 98.86081965014789 98.83207572990678 95.86623678364836 95.84627190094984 95.82621431591812 96.97567545132819 96.9762300037928 93.30005590778812 93.27202744413822 93.24381686521106 87.3358615564074 87.26423122609178 82.64609905293798 82.64962514011658 82.65396472607227 82.65917167107654 82.66529938001044 82.67240038276366 76.36976894578348 76.33800866617159 76.3047128271844 76.26985286244334 76.23341078409197 76.1953802460634 76.1557675107647 76.11459229073776 76.07188843831261 76.0277044587366 75.98210382565578 70.87360724001783 72.10584612022583 64.57753471935818 66.610591442923 64.13200371430929 64.14995788903616 64.16680225585287 64.18244148935072 64.19677970770373 56.059797930069564 56.061885979371446 56.06579448975053 56.071458365869915
98.91637476800348 98.88755522308995 98.85887729648894 95.88397702697304 95.864258139999 95.84444625794966 96.97650662860153 96.97699790921823 96.97749916882718 93.2867807575502 93.25929556613525 93.23161921022285 87.38155398836201 87.31233550557045 87.24552343323886 82.67670428123564 82.68159441691196 82.68732497321265 82.69394549148718 82.7015046233417 76.3512524725926 76.31986824398079 76.28706630172687 76.25282424507937 76.21712939936337 76.17997972270898 76.14138462430412 76.10136567036187 76.05995715527523 76.01720651752547 75.97317458274883 75.92793561984415 70.87858974604103 66.5812625436146 64.08908040341451 64.10674257674543 64.12341337799364 64.13900452652148 64.15342709450654 64.1665919284224 56.09292029081897 56.09456457022945 56.09793912314133 56.102985567623755
98.91397926848532 98.88537635702602 98.85691209670013 95.88182449847157 95.86226016397858 96.97743627444507 96.97786100932646 96.97829947125564 96.97874963739785 93.27353130290459 93.24658128386142 93.21943182878563 87.42540289911047 87.35848714363529 87.2938702685015 82.70306095571749 82.70846285507706 82.71467891962203 82.72175515881911 82.72973668843444 76.33436752913491 76.30338401405206 76.27109185530131 76.23747389878605 76.2025219303759 76.16623744948507 76.1286323617139 76.08972957056325 76.04956344936672 76.00818017637565 75.9656379183261 75.92200685073458 73.7932749498797 64.04852024116076 64.06584125247856 64.08227785459911 64.09774816399384 64.11216959283534 64.12545919956948 64.13753408937377 56.12449756667185 56.125748554538085 56.12864400925429 56.13313154532546
98.91155837316478 98.88317413779411 95.89896771965822 95.87965284401527 96.97846248813218 96.97881778715698 96.9791905381835 96.97957856144644 96.97997984045061 93.26032111675168 93.23389780634328 87.5342906275831 87.4674797249235 87.40276392695641 87.34024382120678 87.28001470349999 82.73458608084812 82.7412521512023 82.74874961193076 82.75712034911339 82.76640504760225 76.28844272740098 76.25667151242678 76.22367989797921 76.189463403123 76.15402642307606 76.11738281541135 76.07955639548032 76.04058132524109 76.00050238121622 75.95937508933892 73.77858071867298 73.76451316634864 65.33180782821192 64.0433009318948 64.05858896718672 64.07293646635361 64.08626619216275 64.09850079822597 64.10956320786329 56.154612698097495 56.15551535507533 56.15798092019973 56.16196236644564
98.90911394563204 95.91568484534521 96.97932280547745 96.97958260533795 96.97986600508436 96.98017051836091 96.9804938286449 96.98083378133025 93.27284260228798 93.24716281165199 93.2212574419502 87.572469924923 87.50785498069676 87.44524225072908 87.38472633976374 87.32639671516283 82.75998051581963 82.76706348570154 82.77495004714005 82.78367913079198 82.79328850879374 76.27493885661579 76.24369574489118 76.21132942944536 76.17783854205513 76.1432298279053 76.10751864149731 76.07072936086156 76.03289570678008 75.9940609550619 73.76142217162777 73.75019292887941 73.73718807933247 65.31176210357852 65.30991995628486 64.03565472132472 64.04895217820837 64.06126306895005 64.07251527207171 64.08263711687411 56.18334410055274 56.18393848393923 56.18601831753771 56.18954136496792
95.9319732255985 96.98061096916038 96.98079320422964 96.98100270564808 96.98123687830424 96.98149329159247 96.98176967300175 96.98206390142701 93.25923282589098 93.23406807131897 87.67344577001386 87.60911209827124 87.54659789407499 87.48599679364793 87.42739789414769 87.37088532524274 87.31653781391753 82.79213181208894 82.80037754195916 82.80943624952293 82.81934304115615 76.26277409429754 76.23206286943308 76.20031809324313 76.16754098098656 76.13374016660141 76.09893212194788 76.06314150249281 76.02640140824523 73.74221287966326 73.73358580335125 73.72322743509363 73.71120502552304 67.86471032803485 65.28991665376975 65.2870737417064 64.02576909467437 64.037129189858 64.04746658550259 64.05671463215255 56.21076585014658 56.21108765815221 56.21282140263025 56.21592913228194
96.98198678531905 96.98209012322748 96.98222422316113 96.98238640857876 96.9825741595484 96.98278510798428 96.98301703242551 96.9832678524715 93.2457073248374 93.22104768429695 87.7065226081295 87.64427970589927 87.58377612009943 87.5251002700645 87.46833617296821 87.41356305887587 87.36085498273319 87.31028043922352 82.82505298534119 82.83441456120174 82.84459339229645 76.2518568738395 76.22167848156082 76.19054925346637 76.15847253705876 76.12545846573097 76.09152431286687 76.05669477968189 73.72132603527531 73.7150730023714 73.70714350178265 73.69759090637118 73.68647718310302 67.86829264689977 65.27038428098878 65.26718273574672 65.26335581615827 64.01383391550864 64.02331943694543 64.03175567651022 56.23694787728703 56.237028931358736 56.23845219018958 56.24118353726646
96.98346849025558 96.98352620607665 96.98361524009368 96.9837330094097 96.98387707440558 96.98404513509747 96.98423502699046 96.98444471653774 93.23227614700436 93.20811157927764 87.73827464572362 87.67803384850136 87.61945552326937 87.56262324629125 87.50761634008256 87.45450952685557 87.40337258180271 87.3542699913647 82.84899702082497 82.85863652145848 82.86906375861359 76.24210191421064 76.21245492525614 76.1819334366477 76.15054254360155 76.11829355081454 73.70154752115657 73.6990965725986 73.69499914593295 73.68928804215166 73.68200443782162 73.67319764647597 73.66292479415348 67.87175494917842 65.25131971531849 65.24778837330716 65.24364476053678 63.99134713598191 64.00003937399251 64.00772136916476 56.26195616395563 56.261824836329424 56.26296959899933 56.265359769005094
96.98490364979895 96.98491887025324 96.98496580593165 96.98504197097536 96.98514501008823 96.98527269589269 96.98542292574925 93.24236985094122 93.21894847458722 87.82858571463134 87.76875683490167 87.7104339819103 87.65370001585025 87.59863401003471 87.54531094011513 87.49380137143918 87.4441711484995 87.39648109093231 87.35078670094289 82.8821241544136 82.89277776885939 76.2334297895834 76.20431079775881 76.17438777532274 76.14366723776797 73.67640516014157 73.67582354522641 73.67367410973685 73.66997959988898 73.66477054305128 73.65808510138531 73.64996884913005 73.64047447430276 67.87510134149883 65.2327187423357 65.22888471494815 65.22445193716356 65.21939040633183 63.977592878790006 63.984574086626225 63.99053052694854 56.28553453409733 56.286429554959994 56.28851039677812
96.98629219854661 96.98626793092564 96.9862756304409 96.98631291063543 96.98637750354085 96.98646725791767 96.98658013693817 93.22867588645968 93.20573266555415 87.85594740366747 87.79802261018294 87.7415377785283 87.68657144293203 87.63319848365569 87.581489843966 87.53151224746935 87.48332791926349 87.43699431476784 87.39256386042385 82.9048990287955 82.91575847331727 76.22576652402518 76.19717048824339 76.16783549413651 73.65068358823221 73.65177263414031 73.65137510799325 73.64950511366658 73.64618393812438 73.64143997835518 73.63530860121729 73.62783193581491 67.88467224669218 67.87833581340368 65.21457620767137 65.21046495886397 65.20576878989132 65.20045970538577 65.1945095479074 63.96227750052996 63.967623378835874 56.30821396645188 56.308885102572006 56.31068544296546
96.9876342209377 96.98757335117288 96.98754456863745 96.98754558773165 96.9875742299248 96.98762842277476 96.98770619837782 93.21511211486792 87.93962171900431 87.88222325088977 87.82612377291682 87.77140102934781 87.718129506176 87.66638017341208 87.61622022683947 87.56771283187106 87.52091687252481 87.47588670886255 87.43267194649273 87.39131722191038 82.93802833759004 76.21904321101376 76.19096374893894 73.62460439269675 73.62717869069785 73.62834890038143 73.62812174522928 73.6265105439824 73.62353519496392 73.61922210202944 73.6136040409806 73.6067199662322 67.88767369346421 67.88146223851422 67.87543762459833 65.19252157700527 65.18758612713123 65.18205369640488 65.17589810236517 65.16909322001078 63.94557659220084 56.3299160092414 56.330386521753915 52.79838513946512
96.98892993632823 96.98883522804411 96.98877260781975 96.98873989157197 96.98873499152636 96.98875591591833 96.98880076812108 93.20168530852814 87.96305107197901 87.90745951842467 87.85311041046926 87.80007757963396 87.74843171941741 87.69824014807882 87.6495665725443 87.60247085575767 87.55700879011052 87.51323187984703 87.47118713553961 87.43091688385869 87.39245859590379 76.21319565720115 73.59836097958915 73.60224824632257 73.6048140402746 73.60605882574752 73.6059890943305 73.60461739345885 73.60196230458693 73.59804836931306 73.59290596256173 73.58657111274775 67.89057340703205 67.88448437577243 67.87857390165482 65.17504643614154 65.16989424080971 65.16416101991902 65.15782244042448 65.15085429412292 65.14323263427872 56.35069062452003 52.79409904846529 52.8090529289559
96.99017968497735 96.99005377940058 96.98995985526533 96.98989582997139 96.98985970712282 96.98984957682192 96.98986361539205 93.18840151319401 87.9855593355927 87.9317009092538 87.87903084427785 87.82761929237371 87.77753339034251 87.72883704138722 87.68159069884047 87.63585115435724 87.59167133287255 87.5491000968314 87.50818206235466 87.4689574300967 82.35848509500259 75.62664572375292 75.6494928733528 73.58096310387079 73.58351984782871 73.58483285592588 73.58490835800879 73.58375815032939 73.58139956923432 73.57785541835771 73.57315384864178 73.56732819121558 67.89337499972721 67.88740587077628 64.76105525368389 64.73111262244844 64.70113960918752 64.67112900110423 64.6410729455719 63.018910209554626 62.97798742925776 54.28000336431954 54.28150356269337 54.2830279660194
101.10054415562547 96.99122933154209 96.99110652660286 96.99101351836717 96.99094840183172 96.9909093495449 93.19612214458411 88.06044901287792 88.00718612277655 87.95499052730885 87.9039316017375 87.85407603448503 87.80548762335768 87.75822707361719 87.71235179947134 87.66791573078622 87.62496912702854 87.5835584006111 87.98893230568527 82.40309735996141 82.37957685124842 78.47211788487009 75.63383515326699 75.6554012330351 75.6762546378454 75.6963807681185 73.56481582109038 73.56387031489741 73.56178618204153 73.55858460582233 73.55429167758004 73.54893824152359 67.89608197280651 64.78519223348552 64.7556284748607 64.7260363533943 63.13483752052928 63.094862702990355 63.05482966576737 63.01475581579345 62.974658445839715 56.85894574568527 54.28345602986198 54.285011055282816
101.11717062769553 96.99236230760984 96.99221293486133 96.99209316951904 96.99200119745876 96.99193527371995 93.18271406996588 88.07959064642898 88.02796960515904 87.97736985769728 87.9278574076279 87.87949568154502 87.832345339534 87.78646408842903 87.74190649924628 88.17882975836457 88.1280736860027 88.07863019422456 82.44779458993257 82.42380407082327 82.4003777567408 78.47441516707802 75.61880670552311 75.63984227757693 75.66020059158691 75.67986756491084 75.69883119906848 75.71708159688946 75.73461096827724 75.75141362393335 73.53626752452057 73.5313521520294 64.80871341935006 63.245119195297534 63.206255300667486 63.16727710927583 63.12820253647707 63.089049296650096 63.049834932750166 63.01057684568421 62.9712923233792 56.861301155932345 56.8780871689851 54.28695069098289
101.13346568157777 101.13424253228828 96.99327948019055 96.99313508379574 96.99301830335405 96.99292747597515 88.14894890636424 88.09799158465698 88.04794650102895 87.99887876342564 87.95085119144012 87.90392413744978 87.85815531016436 88.3177261015372 88.26593446901757 88.21528452865672 82.5175394485145 82.49254031337877 82.46810358150387 82.44422354775399 82.42089370658265 78.47666609174581 78.48493861443897 75.62489926431601 75.64477754756125 75.66399838204242 75.6825501211242 75.70042308336065 75.71760955626807 75.73410378931804 75.74990197580352 71.54787032899193 67.65544153532078 63.23605993149627 63.19801228344178 63.15984775106238 63.121584194612794 63.08323928238378 63.04483051769669 63.00637526576827 62.967890780314484 56.86367663843586 56.88010201221988 56.89651714165976
101.14943109155818 101.14991106024556 101.1506834608477 96.99413964004482 96.99400000777803 96.99388616179901 88.1650893831295 88.11568404034344 88.06715207697867 88.01955549552852 87.97295410751553 88.45414381012017 88.40171264720695 88.35025466331261 88.29982895719368 82.56271275103165 82.5372998178503 82.51244024361532 82.48812926128849 82.4643613577642 82.44113027838128 78.47887025697588 78.48690014530686 75.61054272459617 75.62995546135372 75.64874272973994 75.66689321705157 75.68439745000109 75.70124779703117 75.71743846093645 71.54010476688796 71.54320003876238 67.63950467117485 63.22706148201384 63.1898159580502 63.15245121525022 63.11498503131981 63.077435000924496 63.03981856024759 63.00215301146108 62.96445554697655 62.92674327334829 56.8821416515072 56.898204338042866
101.1650692100361 101.16526952318665 101.16576038567825 101.16652637371716 96.99494666977526 93.16243403235194 88.1806139799032 88.13269893694454 88.64085300287348 88.58740303920794 88.53469977878665 88.48280589128358 88.43178208852818 88.38168691686653 82.60784346916776 82.58204004827473 82.55678054356255 82.53206102895439 82.50787688376514 84.92482521324011 80.3885232081705 80.39236886097824 78.48882627931401 78.49666948328361 75.61570591200987 75.63407176887009 75.65183135320174 75.66897539412606 71.52894795581186 71.53236333618173 71.53560959634876 71.5386892694646 67.623671851742 67.62046328525095 63.181668990651026 63.14509003085237 63.10840742837939 63.07163867903398 63.034801126618866 62.9979119851324 62.96098836078145 62.924047273684025 56.884204785739286 56.89992114744984
101.18038290058809 101.18031999836867 101.18054530922119 101.1810441115758 101.181802081768 88.24277582469433 88.77014770517384 88.71691962500387 88.66428096808652 88.6122944498944 88.56102132093046 88.51052116815947 82.67960849063324 82.6529006583219 82.62672950754114 82.60109250765353 82.57598648755577 84.97673776300019 84.95275941074588 80.3808305843974 80.38467468769467 80.38833562229168 80.39180194546744 78.49833908409592 75.60200200542933 75.61995821056186 75.63733696033054 71.5211180019296 71.52466547598134 71.52804894464467 71.53127033968713 71.53433190355844 67.6079451695523 67.60495945262312 67.60177122395686 63.137766541369615 63.10185361976628 63.06585243341543 63.02978021066523 62.99365405434868 62.95749096167373 62.92130784383821 56.88629012126235 56.90166632585073
