hw/01/test.asc
NCOLS 25
NROWS 25
XLLCORNER 2.0
YLLCORNER 3.0
CELLSIZE 10
NODATA_VALUE -9999
72.9787
72.0455
72.2131
86.0401
86.0401
97.9091
101.3542
101.3542
110.0000
110.0000
110.0000
110.0000
111.0000
108.7338
105.9738
101.7749
94.3333
89.6491
84.4737
78.2456
74.5614
70.3053
70.0000
70.0000
70.0000
72.0455
69.9304
71.7584
86.0401
86.0401
90.2000
97.9091
109.2857
109.2857
110.5821
113.1791
113.2388
113.0306
108.7338
105.8333
101.7749
95.0000
91.6667
84.7727
78.2456
77.0213
70.3053
70.0000
70.0000
70.0000
64.7437
65.5681
70.0000
72.6955
85.4054
94.4000
94.4000
108.5714
110.0000
116.9403
116.1642
117.1308
114.8102
110.8062
110.0658
102.3333
98.2500
96.2745
90.3846
78.7946
75.6779
70.0000
70.0000
70.0000
70.0000
62.2900
65.2233
71.2195
79.6424
79.6424
92.6923
101.1111
105.3846
116.0000
116.0000
120.0000
118.6114
116.5059
114.6875
109.1270
108.8182
102.2115
96.2745
90.3846
82.1429
76.7888
79.0000
74.6953
70.0000
70.0000
60.3333
65.2233
75.9091
75.9091
91.0811
91.0811
102.6923
113.7500
115.8418
120.1110
120.0000
120.0000
119.7896
119.3103
114.0909
109.5192
102.3859
102.3859
86.2802
85.7143
80.4545
80.0000
80.0000
72.3534
70.0000
60.0000
63.7143
75.4167
76.1364
94.2857
100.4545
108.6364
113.7500
121.0589
123.9785
124.2710
120.7407
125.7082
124.7762
123.4875
114.2958
114.2958
110.1282
86.2802
92.7273
93.0525
85.0889
82.7667
77.8241
70.0000
60.0000
66.8182
77.5000
82.7586
94.2857
103.7037
114.6739
121.3158
124.6429
128.6082
129.5497
130.9836
132.7823
130.6115
123.4875
121.3000
115.7317
110.1282
107.8788
98.3333
97.8235
92.7174
84.0000
78.7500
70.2500
66.6279
74.6591
80.4348
86.9565
107.4074
107.4074
119.4565
125.0000
128.0000
134.0152
131.1321
138.7453
136.8863
136.9282
131.2712
126.9149
119.1026
116.5385
111.5476
103.1579
103.1579
94.5349
90.5714
83.0488
74.8387
66.3793
74.4318
85.0000
86.2500
104.3333
115.6818
122.0930
127.9070
130.6901
137.7911
137.8205
138.7453
142.4084
141.2903
137.1296
134.7222
128.6458
128.8889
116.1111
110.8115
107.4444
97.3750
89.1463
86.2195
78.9773
76.9231
84.2857
96.2500
105.2381
110.8000
118.2979
123.0233
129.7674
132.7615
138.6148
140.0000
143.7209
145.9806
141.9531
143.0172
136.0795
134.5455
128.8889
126.6346
116.6314
111.6667
107.8889
99.4286
91.1250
84.3243
90.8024
96.0638
96.0638
105.2381
111.5254
117.3529
122.0755
125.4918
123.9394
138.9498
140.0000
142.6859
148.4147
148.7272
145.7143
145.0926
133.3333
126.6346
126.6346
123.4043
115.9804
108.7180
101.3095
96.5625
85.7623
91.9432
91.8723
101.7106
106.1186
110.6636
115.9748
121.7213
120.6061
123.9394
135.3119
139.3243
140.6731
147.7885
150.0000
150.0000
147.5000
137.1774
137.1774
127.8723
120.4000
120.4000
108.8889
100.5556
100.5556
85.2041
91.8421
96.1765
100.3404
105.5605
110.3448
110.8333
113.0556
115.6667
115.1852
115.9259
131.6667
131.6667
147.0747
150.0000
150.0000
148.4314
141.7647
138.9796
131.6667
122.6415
118.8889
109.5455
109.5455
98.3333
87.6531
88.1707
91.6593
100.2142
100.2142
103.2143
106.2500
102.7778
101.6667
102.8788
108.2062
122.0968
133.8333
143.0282
148.3851
150.0000
147.4510
144.7369
138.9796
133.2609
125.0000
123.4375
113.0952
106.8182
96.6598
88.0612
83.5714
88.4722
92.3077
91.2820
96.5000
92.0690
90.5556
93.8889
98.1884
108.2062
119.2857
119.2857
128.7879
133.2692
142.6250
145.0128
145.5051
141.6667
136.0870
129.7273
123.1915
116.4286
105.1515
102.0833
93.1567
75.3333
77.8205
81.3636
89.0909
80.5556
85.5000
90.5556
86.5556
88.8571
101.8518
109.2593
118.0682
123.5000
126.2963
132.8000
136.7241
140.0000
139.7999
139.7999
129.7872
124.7115
116.3333
114.3333
108.4006
97.3935
61.8313
67.0968
69.3750
69.0476
69.2857
75.5000
74.6250
80.8750
84.2857
98.0000
99.8837
110.2500
119.5000
118.1915
123.0769
136.7241
140.0000
138.8804
138.8804
130.0000
130.0000
120.0938
117.7660
112.8431
112.6271
57.1250
62.9032
60.3571
69.0476
65.6250
59.1140
69.3421
75.0000
89.3750
94.2308
97.5581
110.2500
105.4545
114.1176
115.4878
121.4286
130.1176
132.1053
131.1352
130.0000
130.0000
128.3573
122.7975
115.9029
115.9029
48.2143
54.8276
48.3455
50.4545
50.4545
54.0363
65.0057
76.1111
82.8065
89.7222
92.5714
95.0000
103.7500
100.7407
104.6970
112.1429
118.5526
128.6667
130.0000
130.0000
130.0000
129.1902
125.5187
119.3854
115.2881
42.4162
44.4248
46.5703
47.8384
50.0000
52.5423
65.6250
72.9131
81.8282
83.7500
81.5000
81.8518
84.3750
87.5000
94.8214
101.6667
115.0142
121.9834
128.0031
130.0000
130.0000
129.7407
123.0986
121.1846
115.7967
39.3175
40.3003
42.7074
46.8559
48.6538
63.0751
63.0751
74.1228
70.3571
72.0833
78.1818
73.5000
71.6667
80.0000
84.3939
105.2857
105.2857
121.2285
123.6076
127.0988
130.0000
128.2427
124.3258
121.1846
110.7691
37.2274
38.8985
41.1364
45.8766
48.8157
60.2222
62.3506
62.3506
64.0909
65.9091
65.9091
64.5000
65.1250
72.8333
89.6296
96.0714
103.2143
112.7027
121.7089
125.0524
125.0524
127.6434
124.3258
120.8696
120.8696
36.2021
38.2358
41.7629
43.8704
48.8070
52.4332
54.6179
54.6179
56.1111
56.1111
57.2059
56.0714
59.2347
66.0208
91.7308
91.7308
98.2692
103.9062
121.9444
121.5399
122.3461
121.9314
120.8711
120.0327
118.3986
33.7326
38.1236
40.7865
44.0457
47.5985
52.4332
50.3777
45.5340
46.3238
47.6781
47.0556
49.1337
55.3571
65.5556
65.5556
91.7308
92.2414
103.0000
113.6754
119.5953
118.4445
119.6875
118.1850
118.1169
116.2873
33.6082
36.1958
38.0829
41.6996
44.3765
42.6977
43.8235
44.3280
40.0000
44.1463
44.2156
47.1622
52.8205
59.6429
73.3333
78.8889
89.5833
101.7575
107.1622
105.9091
109.5455
107.2572
113.6611
113.8475
110.7543
