hw/01/test_tin.asc
NCOLS 250
NROWS 250
XLLCENTER 2.5
YLLCENTER 3.5
CELLSIZE 1
NODATA_VALUE -9999
[rows 38 to 56 of 250, columns 44 to 87 of 250]
90.04406857972538 90.02347911977739 90.00122678821128 89.97733480836077 89.95183334700872 87.49880877638432 87.4451453353228 87.38821591988116 87.32808085102803 91.1985606235152 91.1724142059594 83.79321332251614 83.80623555490448 83.81931495821766 83.83245027996924 83.84564039375341 83.85888429361673 83.8721810886475 83.88552999777836 86.67074653813327 86.69043228105363 86.71029523304826 86.73035055960278 84.37894748501202 83.65986645178863 88.94382364589205 88.96944317639417 88.9953948753945 89.02165310714517 89.04819317979275 89.074991360272 100.06514036259463 99.56916659736159 99.50682480526022 99.44378256700121 99.38009467078491 99.31581368424379 99.25098995480512 99.18567162457208 99.11990465749962 99.05373287684192 98.98719801104794 98.92033974647606 98.85319578548544
89.9906264570748 89.97022934798555 89.94824581627883 89.92469695921015 89.89961012316313 87.39811550834159 87.34534058494482 87.28943432935026 87.23045203672696 91.14926517320154 91.12366177716582 91.0967791322596 83.80825695637373 83.82117868754672 83.83415707233213 83.84719090811124 83.8602791099753 83.87342070550534 86.65379774821804 86.67339198930061 86.69314108790729 86.71306079342891 86.73316570720031 86.75346931005375 88.94048499275776 88.96522348045887 88.9903218851847 89.01575467275717 89.04149712698215 89.06752537886089 89.09381642662906 100.02216581247656 99.96818965380656 99.46075156104939 99.39892120573519 99.33643540380861 99.27334522624145 99.20969971113047 99.14554586564688 99.08092868037268 99.01589115416483 98.95047432785309 98.88471732523965 103.65570110804053
89.938577332463 89.91836341099365 89.8966338871229 89.87340791790747 89.84871029313422 89.82257117202283 87.24792668049015 87.1929993977551 87.13511895692245 87.07434424184036 91.07572210261795 91.04939766869657 91.02187467928468 83.82303426728748 83.83585536975615 83.8487324996593 83.86166449797145 83.87465031537522 86.65657513296824 86.67622488681113 86.69602432808817 86.71598852526895 86.73613150248117 90.82099395408476 90.86738008092874 88.98650464344612 89.0110978494885 89.03602682751479 89.06126777412065 89.08679764356903 100.03162335625022 99.97943544564217 99.9265434834938 99.41485981263233 99.35420997659237 99.2928968174903 99.23096988314053 99.16847686547574 99.10546359137099 99.04197402577581 98.97805028546115 98.91373266182019 103.66114483987289 103.64260950887953
89.88786406153463 89.86782489640973 89.84633585165558 89.82341431173323 89.79908274566597 89.77336847058072 89.74630335162881 87.09885244783116 87.04202711620937 86.98241952748607 91.02858439412118 91.00278993291185 90.97583609327562 83.8248787594107 83.83754237420028 83.85026251045046 83.86303793976438 83.87586754046738 86.65954676622258 86.67923894962223 86.69907632686832 86.7190732862249 89.89735310000972 90.86285824587942 90.9082815306659 90.95443592953822 89.0317565022659 89.05619649656572 89.08095000337387 89.10599479544295 99.98811371400065 99.93697926762714 99.8851398381683 99.3691850273391 99.30968466013854 99.24951485689608 99.18872362805706 99.12735729470174 99.06546046989597 99.00307605213351 98.94024522933944 98.87700749200847 103.64780758456243 103.62948665286748
89.83843311091324 89.81856095865567 89.79730002661876 89.77466607842025 89.75067947396872 89.72536495641123 89.69875138308115 89.67087140445035 86.95112224867776 86.8926333422159 90.98223725820594 90.95694657158934 90.93053414232398 90.90303394260708 83.83921541296488 83.8517784007811 83.86439702902685 83.87707010812477 86.66270546473652 86.68242766898368 86.70229117689706 89.89499138149911 89.92718686241112 90.90435292157221 90.94884568545702 90.99406548285863 91.03996720872408 89.07625019751119 89.1005300906351 89.12510293397374 99.94493769688498 99.89482430706676 99.84400642130532 99.79253062686612 99.2653780160673 99.20632255278665 99.14663963116135 99.0863741874015 99.02556959778897 98.96426766381953 98.90250860773811 103.65222045325193 103.63445242322375 103.61634084535638
89.79023428064299 89.77052204415374 89.74947792931992 89.72711621681577 89.70345534804012 89.67851773259805 89.65232950639874 89.62492024375172 86.8623505049066 86.80493550916374 86.74499896364927 90.91185757985758 90.88596073778389 90.85900993094627 90.83103861782287 83.85327775085055 83.86573947268039 83.87825585260742 86.66604388545338 86.68578436178508 89.89425339212276 89.92515923415175 90.902631069433 90.94545874630205 90.98905221579977 91.03336758030125 91.0783617042413 91.12399232121471 89.11999555054892 89.14410936155024 99.9021186878283 99.85299482586841 99.80316822755897 99.75268364917336 99.22131995973122 99.16335018170605 99.10474840395749 99.0455581731058 98.98582161497352 98.92557941269179 103.65586950668893 103.63865252055056 103.62108708141186 103.60317992640502
89.74322044842228 89.72366163782769 89.70282403227345 89.6807205551943 89.6573679016625 89.6327863639841 89.60699961367038 89.58003444265908 89.55192046736934 86.71927606080884 86.66046486838955 90.86751242658882 90.8421071095203 90.81568039177203 90.78826351431637 83.85475826182939 83.86706309206637 86.64992891702555 86.66955457584832 89.89506157620185 89.92468753659897 89.95494061988694 90.94419229335669 90.98615889152144 91.02888319194803 91.07232332277547 91.11643804857859 91.16118687643586 91.20653014740306 89.163002510426 99.85967746953938 99.81151251899946 99.76264772876998 99.71312607058046 99.1775377339473 99.12062542306317 99.06307794208101 99.00493745134517 98.9462448206865 103.65877759417133 103.64210847192496 103.62508670634801 103.60771883677474 103.5900112939745
89.69734733401346 89.677936029439 89.65729553655028 89.6354375364351 89.6123771338036 89.58813269864727 89.56272566929958 89.5361803193554 89.50852349151936 89.47978430197735 86.57787688203697 90.82390016227885 90.79896392751974 90.77303764850045 90.74615052834854 90.71833325481145 83.86836582358934 86.65360592635486 89.89733493783324 89.92569608150606 89.95470449232835 90.9449574231247 90.98530346325342 91.02643873100182 91.06832288920806 91.11091600701967 91.15417867792905 91.19807212403971 91.24255828706401 91.28759990666698 99.81763242516502 99.77039670362588 99.72246505121011 99.67387870571913 99.62467804593804 99.07817351221502 99.02165386554266 98.96453791944339 98.9068652892977 103.6448431190533 103.62836131794835 103.61152971825803 103.59435454281724 103.57684192614835
89.65257328232073 89.6333040983507 89.61285216265001 89.59122801920671 89.56844532397666 89.544520700855 89.51947356344546 89.49332590474094 89.46610205735995 89.43782842744056 86.49718884387731 86.43829534065542 90.75652140727068 90.73107344345962 90.70469294884296 90.67740867995278 90.64925065014279 89.90099007976877 89.92810627234033 89.95588608997565 89.9843000033787 90.98639852398752 91.02595316272416 91.06628565175784 91.10735760645174 91.14913095249317 91.19156804014474 91.23463174610677 102.7901178675461 102.80153692859434 103.67800093572633 99.72966449753582 99.68263814379857 99.63496022282138 99.5866695452554 99.03601738878865 98.98049955556564 98.92438329812464 103.64688043170396 103.63093369647085 103.61463418227794 103.59798786100608 106.55157593369542 106.57966902534852
89.60885906372926 89.58972711538605 89.56945595773756 89.54805509426234 89.5255368609986 89.50191629532358 89.47721097438549 89.45144082501626 89.42462790741298 89.39679617527919 89.36797121545301 86.3605451415872 90.71476940108504 90.68977903973347 90.6638834726601 90.637109673373 94.35607727789954 94.35633775772295 89.95840924502998 89.98562970805314 90.01347105277291 91.02734074556389 91.06613178618136 91.10568887914677 91.14597549734269 102.73918924419037 102.75020251001548 102.76121411311385 102.7722163229271 102.78320085892389 105.1175125367619 103.66620210459882 103.66063913707507 99.59638729375546 99.54898134461506 98.99417783967422 98.93963628735277 103.6482453179189 103.63282762654535 103.61705490071843 106.50311022077409 106.52985943114977 106.5569981427248 106.58451240703864
89.56616769039485 89.54716856052525 89.52707111812254 89.50588391493574 89.48361808450761 89.46028722246102 89.43590723982577 89.41049619099365 89.38407407829254 89.35666263552348 89.32828509310373 89.29896592769853 90.67369747722553 90.64914530993481 90.62371430218171 94.35678377403988 94.35702876920689 94.35728195720759 94.35754252094121 90.0149260979195 91.03051204211366 91.06777734967142 102.69066814311202 102.70127736565499 102.71189569664448 102.72251672674463 102.7331335868896 102.74373892344522 102.75432487250563 105.10234615025733 105.1079732587574 105.11357896941551 103.65459966796676 103.64908675016441 103.64352255335443 99.46451124438424 103.64896343460909 106.43327339595055 106.45827352409816 106.48368844452143 106.50950596337458 106.5357133697793 106.56229742523381 106.58924435182175
89.52446424726361 89.50559395525731 89.48566382590681 89.46468154093108 89.44265713855428 89.41960290416884 89.39553323701982 89.3704644942988 89.34441481438645 89.31740392129412 89.28945291262073 89.26058403355853 89.23082043964673 90.60916281357491 94.35750776182414 94.3577373036009 94.35797566074397 99.15937256281026 99.159982675252 99.16020851645285 104.43521737854829 102.6648678206623 102.67510858519074 102.68535558819124 102.6956027084492 102.7058433966783 102.71607065293128 102.726277003249 102.73645447557917 105.09302241407646 105.09844088821602 105.1038333480811 105.10919492396333 103.64318847803548 103.63772652001062 107.00620918453163 107.02671844401917 106.4410406294376 106.46554845401836 106.490458022284 106.51575730819246 106.54143377301823 106.56747435612486 106.59386546471703
89.4837157366857 89.4649707084775 89.44520209877416 89.42441679451721 89.40262383655838 89.37983431970952 89.35606127144239 89.33131951045816 89.30562548665277 89.27899710427856 89.25145353033936 89.22301499045247 95.28496888921649 100.87627764606172 99.1460009138396 99.14755901735337 99.14876808858334 99.1496209592782 99.15011177811762 99.15023599107224 104.42439296368677 104.42298451348896 102.65953982860862 102.66943030648858 102.67931231320337 102.68917918099825 102.69902380127304 102.70883860269153 102.71861552868536 105.08370666458417 105.08892057518693 105.0941041169557 105.09925241527277 105.10436031306865 106.98155092190949 107.001525624994 107.02130919606728 107.04086921134892 108.33028372081039 106.4970735323751 106.52186512230261 106.5470214977694 106.5725297876433 106.59837659704044
89.44389093556688 89.42526797489222 89.40565565194946 89.38506012826429 89.36348953691616 89.3409538911035 89.31746497368142 89.29303620874728 89.26768251662006 95.362436125935 95.33675752817261 95.31099401180111 99.3478778020433 100.8764536406507 100.87815907017493 99.13833511213844 99.13939645268213 99.14011788725594 99.14049369713767 99.14051934828862 103.65416743534725 104.41207097940914 104.4106140276241 102.65351066980344 102.66303381686399 102.67253353509406 102.68200262816741 102.69143344889991 102.70081787829581 105.07440372957295 105.0794171907569 105.08439618231311 105.08933583548705 108.65108289724813 110.08452957638083 110.08283456067066 107.01604636361644 107.03491852396256 107.05354389430642 107.07189233347638 108.38360605650942 108.4093205294657 106.57746481684114 106.6027788169647
89.40496026407727 89.38645652496093 89.3669957714095 89.34658350349402 89.32522702855188 89.30293537749725 95.43538108999911 95.41063913939264 95.38576961970658 95.36078747950596 95.33570764920435 95.3105451043687 99.35195999903901 99.3480461683811 100.87826341594214 100.87988824080266 99.13025514600716 99.13085053306212 99.13111558339376 99.13104580779283 103.63874981370107 104.40113982557514 104.39960702939642 104.39808750701083 104.39658310022021 102.65591545148465 102.6650162432155 102.67407075780666 102.68307083441802 105.06511817828728 105.06993533536199 105.07471416745291 108.66182909080972 108.65786702722122 110.08538769847837 110.08369559479151 110.08197684902265 110.08023005419841 110.07845374755648 110.07664641180538 107.08223319782016 108.40877122946232 108.43365908163256 108.45832292906688
89.36689566500667 89.34850862547094 89.32919519748188 95.50360289214733 95.47990257258836 95.45603214810036 95.43200675184535 95.40784137647181 95.3835509169871 95.35915021846075 95.33465412724435 99.35984947032365 99.35585379636196 99.35202670788199 100.87838023117504 100.87993057418512 100.88147736029998 100.88301597672104 99.12196557005613 99.12180353925335 99.1213175458121 104.390196248259 104.38858725932901 104.38698388673984 104.38538769212802 104.38379977099885 102.64807328042428 102.65675924678965 105.05119195415756 105.05585432905553 108.67622201224415 108.67234525057275 108.6684876464356 108.66465190434562 110.08629812226181 110.08461070863463 110.08289724882012 110.08115641711515 110.07938683809878 110.07758708803924 110.07575569672991 110.07389114978378 113.18812691437468 113.16038308014679
95.56691459653256 95.54435770903942 95.5215884719891 95.49862222141559 95.47547412398636 95.45215919318967 95.42869231286996 95.40508826717983 95.38136177592284 95.35752753419038 99.36752768704244 99.36347083127167 99.35957031827344 99.35582856889232 100.87850755476634 100.87998800674393 100.8814661874595 100.88293781630904 100.88439881799451 99.11278157976365 99.11221989082061 103.59404640240336 104.37755988339025 104.37587285139095 104.37418545582476 104.37249854698003 104.37081250650883 102.63950714796904 105.04213843304495 108.68641402932475 108.68263866794709 108.67888194625885 108.67514642937897 108.67143480551688 108.66774988927233 110.08557879678064 110.08387236208796 110.08213927514386 110.08037824540202 110.07858793976871 110.07676698453125 114.39001411563339 113.1866986596915 113.15971998350909
95.56045639003139 95.53842362972426 95.51618308977824 95.49374969460658 95.4711382495205 95.44836345275426 95.42543991392746 95.40238217814579 95.37920475485696 95.35592215051193 99.37088220106016 99.36692746781789 99.36311991159644 99.35946197603033 100.87864367725369 100.88005849075141 100.8814721327733 100.88288062867787 100.88428018253951 100.8856671985674 99.10333470640224 103.57908990306099 104.3665298712986 104.3647595086207 104.36298162354721 106.72939799770319 106.74024154739512 109.641986399793 109.63749344337413 108.69271631424999 108.6890570510032 108.68541838118215 108.6818028554006 108.67821314235093 108.67465203172391 110.08659871664717 110.08490095963097 110.08317730756585 110.08142655227896 110.07964744839042 110.07783871531431 114.39528736131346 113.18526456066937 113.15902161118709
95.55415360624137 95.53262923816905 95.51090184444665 95.48898593780264 95.46689595491145 95.44464626490057 95.42225118348968 95.39972499207745 95.37708196101275 99.37807566733711 99.37408455224526 99.37022905247599 99.3665122067634 99.36293646477074 99.35950370030305 100.8801402251282 100.88149310957589 100.88284206863571 100.88418356514516 105.00482015495831 105.01317695797793 105.60519805275273 106.70329480859648 106.71374564521116 106.72426596282232 106.73484829365651 109.6549917103892 109.65063339075078 109.64630988500461 109.64202510642974 108.69547471517225 108.69195210081924 108.68845446570558 108.6849844561436 108.68154483419092 110.08766929343126 110.08598178207525 110.0842691658634 110.08253031647475 110.0807640733284 114.42144180293941 114.40042022387853 114.37959517834386 113.15829330876268
