hw/01/test_tin.asc
NCOLS 250
NROWS 250
XLLCENTER 2.5
YLLCENTER 3.5
CELLSIZE 1
NODATA_VALUE -9999
[rows 133 to 151 of 250, columns 0 to 43 of 250]
108.566581484987 108.56627346153536 108.56594264733327 109.92741023455561 110.25087273562838 109.99208244166509 111.69842812843325 111.69837341441207 111.69832327355617 111.69827781541834 111.6982371511634 111.69820139356221 111.6981706569841 111.69814505738724 111.6981247123073 111.69810974084426 111.69810026364677 113.57736755059707 113.57714104801514 113.57689701015332 113.9781833716915 113.97805115950976 113.97790429428197 113.97774252970022 115.95140014660736 115.95257943329106 115.9537754155394 115.95498798258882 116.50109335331373 116.5025963800806 116.50412798884045 116.50568824626473 119.08746694359189 119.08937142028186 119.09132592409371 119.09333081288537 119.09538642984283 119.09749310293358 119.09965114436504 119.10186085004935 119.10412249907515 119.10643635318782 119.10880265627895 121.31440910452955
108.56417743207126 108.56385651315988 108.56351296935388 109.92723696298798 110.25025261466297 109.99134995957965 110.09288585908071 110.0927191510472 111.69900601002053 111.69896578691858 111.69893035755834 111.69889983290692 111.69887432546501 111.69885394925622 111.69883881981461 111.69882905417023 111.69882477083274 113.57552579580154 113.5752897471721 113.97665123669847 113.97652414037101 113.97638274401945 113.97622680755686 113.78431048369904 114.65320735734744 114.6530347334484 115.95431222904946 116.50132407510843 116.50279088069976 115.42020207848518 115.42008063427413 115.41995154425871 118.22000836360164 118.2214481940965 118.22292582064107 118.22444152783724 118.2259955891196 118.22758826628831 119.10348535972717 119.10569118902768 119.1079481013856 119.11025634622683 119.11261615552907 119.11502774334343
103.08278139571809 108.56145980410562 108.56110387004038 109.9270659199838 110.24964243092894 110.09460584583745 110.09444101236568 110.09428572005667 110.09414018336221 110.09400461971443 110.09387924951969 110.09376429615043 110.0936599859341 111.6995573916183 111.69954735810144 111.69954267704817 111.6995434648473 111.6995498392803 113.57345542859882 113.97501549074423 113.97487934640648 113.78371239291167 113.78383756660921 113.7839619259984 113.784085440416 114.65263493992283 114.65245744706709 115.4198221761576 115.41971111441032 115.41959278867176 115.4194670369801 116.04271154479068 116.0423216935044 118.22431127293444 118.22578896227083 118.22730410719868 118.22885696891916 118.23044779716876 118.23207682976933 118.23374429217886 118.23545039704413 118.23719534375587 118.23897931800666 119.48454638464149
103.07206343363546 108.55908320800671 108.55871521574068 108.55832457831411 109.99056121429263 110.09614209061237 110.09598846723524 110.0958444018459 110.0957101062369 110.09558579508946 110.09547168596606 110.09536799930062 110.09527495838658 110.09519278936205 110.0951217211927 110.09506198565197 110.09501381729841 111.70026767190707 111.70028466644699 113.97339384466156 113.78324756283027 113.78337058511222 113.78349279836716 113.78361417254759 113.78373467694809 113.78385428019348 114.65206222935917 114.65188000949016 115.41911113259728 115.41898858674911 115.41885866846164 116.04205025891665 116.04166097371426 118.22713421737343 118.22861165309564 118.23012592960255 118.23167729630347 118.23326599131288 118.23489224101661 118.23655625963947 118.23825824881442 119.4840143350293 119.48409885540998 121.59697151768587
103.06146080445114 108.55672659697467 108.5563468714295 108.55594467658973 110.0978227427825 110.09767077948585 110.09752818210353 110.09739515697096 110.09727191322935 110.0971586628191 110.09705562047115 110.24742584993722 110.24731000104693 110.2472086916538 110.24712223225852 110.24705093689428 110.24699512307281 110.24695511172526 110.24693122713842 112.66136198635 112.66154801458295 113.78302954715564 113.78314882946299 113.783267248579 113.78338477376772 113.78350137363137 113.78361701609849 114.65148943033489 115.4185160971279 115.41838946738923 116.04177880395888 116.04139921896456 116.0410105767933 116.04061281749112 118.2313945292742 118.23290764369821 118.23445723226789 118.23604352190137 119.4834041168329 119.4834898471712 119.48357420071483 119.48365713736466 121.59680317389457 121.59674484847827
103.05097238390451 108.55438984171782 108.553998700825 108.55358526689885 108.13605140829026 108.13585328254338 110.25027531256842 110.25010638731432 110.24995050772733 110.2498079616183 110.24967904038895 110.2495640389986 110.24946325592651 110.24937699313013 110.24930555599887 110.24924925330335 110.24920839713978 110.24918330286984 110.24917428905525 112.66077222832064 112.66095321888642 112.66113252224064 112.66131008263724 112.6614858431566 113.78303575547436 113.78314938345815 113.78326203053744 113.78337366396102 115.41792600394318 115.4177954230712 116.04113728085609 116.0407582548222 116.04037032923667 116.03997344719271 116.03956755468724 118.2356498881171 119.4828873190365 119.48297278931729 119.48305693882305 119.48313972915263 119.48322112110637 119.48330107467218 121.59658044566756 122.6718854215652
103.0405970467194 108.55207281165556 108.55167056650015 106.94548311640284 106.94547061581827 108.13763771033038 108.13746313175837 108.13729931976954 108.13714651374686 108.13700495670439 110.25178755663418 110.25168732824802 110.25160130027373 110.25152976974886 110.25147303699754 110.2514314055784 110.25140518222761 110.25139467679743 110.25140020218974 112.66018424987563 112.66036025934099 112.66053454307388 112.66070704537476 112.66087770938658 112.66104647707597 112.66121328921386 112.66137808535633 113.7830166648852 113.78312424238827 116.04087529953233 116.04050559315584 116.04012719897136 116.08682642968343 116.0864366330792 116.08603716386624 117.50627783470986 117.50698025720004 117.50769712782358 119.48271081477351 119.4827906998801 119.48286916577575 121.59641850664605 122.67408595633304 119.75718790940141
103.03033366731134 108.54977537502752 108.54936232998895 106.94482514361788 106.94480826656145 108.1394145071168 108.1392527868413 108.13910186635691 108.13896198261078 108.13883337608621 108.13871629081673 108.13861097439809 108.13851767799868 110.25366704905204 110.2536247079974 110.25359743181268 110.2535855219306 110.25358928275544 110.25360902159558 112.65959808830273 112.659769173178 112.65993849496823 112.66010599803965 112.66027162561747 112.66043531976734 112.6605970213769 111.79279508269946 111.79280972291771 111.79282889527265 115.25606932010045 115.25689994072603 115.25772567644243 115.25854610391792 115.25936079786109 115.26016933140203 116.50096196242349 116.50469130297057 116.50845566186014 116.5122546585462 116.5160879035912 115.59906979604347 119.75858362947577 119.75776229567555 119.756936604752
103.02018112045653 108.54749739899765 108.54707385188823 106.944171575095 106.94415041291325 108.14118359720791 108.14103454003317 108.1408963128075 108.1407691500292 108.14065328963945 108.14054897303423 108.14045644507449 108.1403759540943 108.14030775190737 108.14025209381114 108.14020923858904 108.14017944851017 110.25576717341207 110.2558008056824 112.65901377974765 112.65917999646787 111.79331111545713 111.7933086539227 111.79331023767297 111.79331595908914 111.79332591184831 111.7933401909167 111.79335889254118 113.05242841809819 113.05018001576725 115.25655254358303 115.25736162714122 115.25816541666582 115.25896349845014 116.49973891574778 116.5034015871406 116.5070990965936 116.5108310792682 116.51459716134684 115.59722234611989 115.60213401742222 119.75832007240167 119.75750608952538 119.75668780379688
103.01013828192471 108.54523874975432 106.94354283575021 106.9435224093846 106.94349705205147 106.94346666786159 108.14280832080021 108.14268259022639 108.14256794882427 108.14246463198322 108.1423728784537 108.14229293035547 108.14222503318396 108.14216943581467 108.14212639050547 108.1420961528969 108.14207898201009 108.14207514024254 108.57473535911834 111.79383975610156 111.7938334753768 111.79383105701885 111.79383258933555 111.79383816188697 111.79384786548003 111.79386179216188 111.79388003521201 113.05371964395236 113.05151535873718 113.04929435713765 113.0470570840257 115.25699941495544 115.25778695944159 115.25856882369018 116.50217757322301 116.50580933770934 116.50947539764346 115.59070340976018 115.59546696073586 115.6002852879741 115.60515808944236 119.75805917485236 119.7572524593012 119.75644149485507
103.00020402907688 108.54299929260537 106.94290218847006 106.94287764388876 106.94284818001384 106.94281370247548 108.14457406215574 108.14446063329429 108.14435831542116 108.14426734136596 108.14418794722741 108.1441203723795 108.14406485947625 108.14402165445415 108.1439910065325 108.14397316821226 108.14396839527187 108.57684809236784 108.5770688028786 108.57730891966533 111.79434479064665 111.79434627090656 111.79435169690778 111.79436115669408 111.79437473950274 111.79439253575711 113.0549624626755 113.0528014165386 113.05062368371293 113.04842968950862 113.04621987187747 113.04399468130111 115.25741076924842 115.25817679978043 116.50458447130956 115.58450966153286 115.58912798510107 115.59380071353664 115.59852758407871 115.60330831505232 115.89237201143433 119.75780092234564 119.7570013915087 119.75619766539694
102.99037724142985 108.54077889206945 106.94226585138797 106.9422372749031 106.94220379174037 106.9421653090364 106.9421217329525 108.14623038018351 108.146140189762 108.14606135957727 108.14599412307166 108.14593871687063 108.14589538078562 108.1458643578148 108.14584589414189 108.14584023913291 108.57893523814742 108.5791497487884 108.5793832270506 108.57963599790116 108.5799083882806 111.79485677080342 111.79486599201819 111.79487923922571 111.7948966000996 111.79491816344638 113.05403975047759 113.05190443241096 113.04975287672515 113.04758550226606 113.04540274016462 113.0432050337267 113.04099283831262 116.50342262275886 115.5831069765915 115.58763699407636 115.59222075963667 115.59685802958928 115.60154854180297 115.60629201561966 115.8950807813432 115.89965257247516 119.75675287186839 119.75595630210307
102.98065680118884 106.94166154169069 106.94163382104203 106.94160129765726 106.94156388111443 106.94152148004306 106.94147400213768 108.14799177247474 108.14791351522058 108.14784663186057 108.1477913531776 108.14774791304727 108.14771654843895 108.14769749941499 108.1476910091277 108.58099721981786 108.58120574522249 108.58143281275014 108.58167873885783 108.5819438419504 108.58222844227005 111.79536257165353 111.79537549129914 111.79539242785832 111.79541346744764 113.05523187739534 113.05313813069779 113.05102818287257 113.04890243435239 113.04676129760678 113.04460519704402 111.48988898032519 111.4850387265978 115.5817841626901 115.58622770368615 115.59072433395546 115.59527382810452 115.5998759427531 115.60453041644963 115.60923696959499 115.89775441027602 115.90228944268205 119.75650688537236 119.75571739092084
102.97104159374939 104.48233664374354 106.94100609293531 106.94096970635474 106.94092844100301 106.94088220698865 106.94083091352435 106.94077446894188 108.14967823851873 108.1496231068274 108.14957958812332 108.1495479135324 108.14952831718404 108.58284952992138 108.58303445285851 108.58323719889609 108.58345807422853 108.58369738707096 108.58395544755977 108.58423256764799 108.5845290609955 108.58484524285417 111.79588021258125 111.79590074215666 113.05637927054772 113.0543262628382 113.05225710237143 113.05017217184191 111.5006616261883 111.49598801937321 111.4912698329445 111.4865076859484 112.86758224742243 112.86334227310957 115.5893087495462 115.59377226133856 115.59828776902087 115.60285502957265 115.60747378227072 115.61214374861565 115.90039341705005 115.9048920448988 119.75626341633802 119.75548091711762
102.96153050817038 104.48245332852534 104.48233560263357 104.48221695009023 106.94029746329565 106.9402474804001 106.9401924562404 106.9401323006894 108.15143430964346 108.15139073637287 108.15135878178747 108.15133867426523 108.58486761122053 108.58504734497978 108.58524450916637 108.58545940202424 108.58569232378535 108.5859435765755 108.5862134643151 108.58650229261534 108.58681036866892 108.58713800113625 108.58748550002576 113.05748336049749 113.05547027074371 111.51082846572928 111.50633140581022 111.50178886944951 111.4972014090045 111.4925695956976 111.48789401937373 112.86847795042688 112.86431817493981 112.86010620719529 112.85584218073046 115.59678134818789 115.60126315268492 115.60579585837048 115.61037920529736 115.61501291610524 115.90299831300409 115.90746088719605 119.75602244845932 119.7552468653314
102.9521224376189 104.4825719351251 104.48245591431542 104.48233901201395 104.48222122996182 104.48210257069852 106.93955861849861 106.93949483620555 108.15318168176573 108.15314947559237 108.15312889126425 108.58686157361464 108.58703629623871 108.58722806812635 108.58743717982092 108.58766392382076 108.58790859448978 108.58817148796358 108.58845290205093 108.58875313613024 105.77839163420067 105.78093908475216 105.78353114531411 111.51607933608153 111.51171195670004 111.5072988979209 111.50284066560293 111.49833778439555 111.49379079753545 111.48920026662756 112.8693068037798 112.86522556488869 112.86109281351435 112.856908669313 112.8526732670871 112.84838675688427 115.60420054124997 115.60869898931831 115.61324724341047 115.61784502734389 115.90556960206429 115.90999647025347 119.75578396485498 119.75501521961885
102.9428162797885 104.48269240584723 104.48257810200289 104.48246296122586 104.48234698626074 104.48223018065815 104.48211254881441 104.4819940960122 106.93878955762962 108.15489928269973 108.58883181680335 108.58900169915681 108.58918826070233 105.76499579546424 105.76722828608186 105.76950362443085 105.77182199314036 105.77418356211751 105.77658848818348 105.7790369147128 105.78152897127751 105.78406477329546 105.391993898402 108.02181736403048 111.50819495283436 111.50381945414983 111.49939959984684 111.49493590613861 111.49042890733769 112.87007104764069 112.86606671388219 112.86201154558178 112.8579056491255 112.85374914565341 112.84954217116238 112.84528487660234 115.60710048879666 115.6115649745099 115.61607844641406 115.6206406295412 115.90810778081172 115.91249928742742 119.75554794811428 119.75478596350072
102.93361093729206 104.48281468374834 104.48270210749466 104.4825887382534 104.48247457973511 104.48235963646289 104.48224391381126 104.48212741804596 104.48201015636496 105.75966592398144 105.76172499259297 105.76382541083196 105.76596739825823 105.76815116336547 105.77037690322096 105.77264480310662 105.77495503616271 105.77730776303383 105.77970313151818 105.78214127622071 105.78462231821008 105.78714636468091 105.39465392533941 108.02073298201631 108.02072864689876 111.50038924787705 111.4960073284008 111.49158236139705 112.87077285647156 112.86684382696635 112.86286463855076 112.8588353849335 112.85475617418982 112.85062712886801 112.84644838608966 112.84222009764325 112.83794243007179 115.61439435803682 115.61887335611014 115.90630098705152 115.9106133385522 115.91496982481983 119.75531438034075 119.75455908000504
102.92450531803013 104.48293871264889 104.48282787339512 104.48271628447277 104.48260395052158 104.48249087699922 104.48237707021937 104.48226253739058 103.31819948609336 103.31857154951223 105.76485504656462 105.76695049366204 105.76908686290213 105.77126435305108 105.7734831516334 105.77574343458579 105.77804536591366 105.78038909734987 105.782774768017 105.78520250409343 105.78767241848311 105.79018461049075 105.39726942375883 108.01965578192002 108.01964429722192 108.01962541487092 111.49266298943593 112.8714143405771 112.867559044821 112.86365426302824 112.85970007680488 112.8556965817414 112.85164388752239 112.84754211803038 112.84339141144326 112.83919192032602 112.83494381171549 112.8306472671998 115.6216325063759 115.90880835517075 115.91308675738757 115.9174085613494 115.92177345319944 119.75433455170777
