hw/01/tin.asc
NCOLS 250
NROWS 250
XLLCENTER 2.5
YLLCENTER 3.5
CELLSIZE 1
NODATA_VALUE -9999
[rows 20 to 39 of 250, columns 0 to 44 of 250]
-9999 -9999 -9999 77.75115794326241 77.0859959101655 75.90388066666667 74.39866966666666 72.89345866666666 71.89343266666667 71.30756033333333 70.721688 70.13581566666666 69.63335297619047 69.25747760416667 68.88621572916666 68.51495385416666 68.14369197916668 67.77243010416666 67.49670203125001 67.22659359375001 67.13313421875 67.21632390625 67.29106257874017 67.222133996063 67.15320541338583 67.08427683070866 67.0153482480315 66.94641966535433 66.87749108267717 66.8085625 66.73963391732283 66.67070533464566 66.6017767519685 66.54586987124463 66.89363575107296 67.24140163090128 67.58916751072961 67.759834375 67.82797023026315 67.89610608552631 67.9690746111111 68.04902366049382 68.12897270987654 68.20892175925925 68.20014679166667
-9999 -9999 -9999 78.13723245862884 77.47207042553191 76.35457433333333 74.84936333333333 73.34415233333334 72.06845366666667 71.48258133333334 70.896709 70.31083666666666 69.8549775 69.48951677083333 69.11825489583333 68.74699302083334 68.37573114583333 68.04380671875 67.77369828125 67.50358984375 67.41013046875 67.49332015625001 67.57650984375 67.56673836614175 67.49780978346456 67.42888120078742 67.35995261811024 67.29102403543307 67.2220954527559 67.15316687007873 67.08423828740158 67.01530970472442 66.94638112204724 67.07277806866952 67.42054394849785 67.76830982832618 68.1160757081545 68.43587858552632 68.50401444078948 68.57215029605263 68.64028615131578 68.70842200657896 68.78783409259259 68.86778314197531 68.94773219135803
-9999 -9999 -9999 78.52330697399528 77.85814494089834 76.80526799999998 75.300057 73.794846 72.289635 71.65760233333334 71.07173 70.57606944444444 70.0804088888889 69.70415249999999 69.3502940625 68.9790321875 68.6077703125 68.32080296875 68.05069453125 67.78058609375 67.68712671875 67.77031640625 67.85350609375 67.91134273622048 67.84241415354332 67.77348557086614 67.70455698818898 67.63562840551181 67.56669982283465 67.49777124015748 67.42884265748032 67.35991407480316 67.29098549212597 67.59968626609441 67.94745214592274 68.29521802575107 68.6429839055794 68.99074978540771 69.18005865131579 69.24819450657895 69.3163303618421 69.38446621710526 69.4526020723684 69.52664452469136 69.60659357407407
-9999 -9999 -9999 78.90938148936169 78.24421945626477 77.25596166666668 75.75075066666668 74.24553966666666 72.74032866666667 71.83262333333334 71.33696277777779 70.84130222222223 70.34564166666667 69.8897825 69.5533275 69.21107135416666 68.86790765625 68.59779921875 68.32769078125 68.05758234375 67.96412296875 68.04731265625 68.13050234375 68.21369203124999 68.18701852362206 68.11808994094488 68.04916135826772 67.98023277559055 67.91130419291338 67.84237561023622 67.77344702755906 67.7045184448819 67.77882858369098 68.12659446351931 68.47436034334763 68.82212622317596 69.16989210300429 69.51765798283262 69.8561028618421 69.92423871710525 69.99237457236842 70.06051042763158 70.12864628289474 70.19678213815789 70.26545495679012
-9999 -9999 -9999 79.29545600472812 78.6302939716312 77.70665533333332 76.20144433333334 74.69623333333332 73.19102233333334 72.05800115384616 71.58226807692307 71.10653500000001 70.61087444444445 70.11521388888889 69.73895750000001 69.41561916666666 69.14490390625 68.87479546875 68.60468703125 68.33457859375 68.24111921875 68.32430890625 68.40749859375 68.49068828125 68.53162289370078 68.46269431102363 68.39376572834647 68.32483714566928 68.25590856299213 68.18697998031496 68.1180513976378 68.04912281496061 68.30573678111588 68.6535026609442 69.00126854077253 69.34903442060086 69.69680030042917 70.0445661802575 70.39233206008583 70.60028292763158 70.66841878289473 70.7365546381579 70.80469049342105 70.87282634868421 70.94096220394736
-9999 -9999 -9999 79.68153052009455 79.01636848699764 78.157349 76.652138 75.146927 73.64171600000002 72.47085527777777 71.74786346153846 71.2721303846154 70.7963973076923 70.33274777777778 69.9639375 69.66814083333333 69.41561916666666 69.15179171875 68.88168328124999 68.61157484374999 68.51811546875 68.60130515624999 68.68449484375 68.76768453125 68.85087421875 68.80729868110237 68.73837009842521 68.66944151574802 68.60051293307086 68.5315843503937 68.46265576771654 68.48487909871244 68.83264497854077 69.1804108583691 69.52817673819743 69.87594261802575 70.22370849785408 70.57147437768239 70.91924025751072 71.26700613733905 71.34446299342105 71.41259884868421 71.48073470394736 71.54887055921053 71.61700641447368
-9999 -9999 -9999 80.06760503546099 79.40244300236407 78.60804266666666 77.10283166666666 75.59762066666667 74.09240966666667 72.9661289814815 71.99587842592592 71.43772576923078 70.99824333333333 70.57084444444445 70.20203416666666 69.93508750000001 69.68256583333334 69.42878796875 69.15867953125 68.88857109375 68.79511171875001 68.87830140624999 68.96149109375 69.04468078125001 69.12787046875 69.1519030511811 69.08297446850395 69.01404588582676 68.9451173031496 68.87618872047244 68.80726013779528 69.01178729613734 69.35955317596566 69.70731905579399 70.05508493562232 70.40285081545065 70.75061669527898 71.09838257510731 71.44614845493561 71.79391433476395 72.02050720394737 72.08864305921053 72.15677891447369 72.22491476973684 72.293050625
-9999 -9999 -9999 80.45367955082742 79.7885175177305 79.05873633333333 77.55352533333333 76.04831433333334 74.54310333333333 73.46140268518519 72.49115212962963 71.78280352941178 71.23634000000001 70.80894111111111 70.45455583333334 70.20203416666666 69.9495125 69.69699083333333 69.43567578125 69.16556734375 69.07210796875 69.15529765625 69.23848734375 69.32167703125 69.40486671875 69.48805640625 69.42757883858268 69.35865025590552 69.28972167322834 69.22079309055118 69.19092961373391 69.53869549356223 69.88646137339056 70.23422725321889 70.58199313304722 70.92975901287555 71.27752489270387 71.62529077253218 71.97305665236053 72.32082253218886 72.66858841201716 72.76468726973684 72.832823125 72.90095898026317 72.9690948355263
-9999 -9999 -9999 80.83975406619386 80.17459203309693 79.50943 78.00421899999999 76.499008 74.993797 73.9566763888889 72.98642583333334 72.36337991620113 71.8316305882353 71.28516705882353 70.7776345 70.46898083333333 70.21645916666667 69.9639375 69.71141583333332 69.44256359375 69.34910421875 69.43229390625 69.51548359374999 69.59867328125 69.68186296875 69.76505265625 69.77218320866142 69.70325462598424 69.63432604330708 69.56539746062992 69.71783781115879 70.06560369098712 70.41336957081546 70.76113545064378 71.10890133047211 71.45666721030044 71.80443309012875 72.1521989699571 72.49996484978541 72.84773072961374 73.19549660944206 73.44073148026317 73.50886733552632 73.57700319078948 73.64513904605263
-9999 -9999 -9999 81.22582858156028 80.56066654846336 79.89550451536643 78.45491266666667 76.94970166666667 75.44449066666667 74.4519500925926 73.48169953703704 72.94282444134079 72.41447069832404 71.88045764705883 71.33399411764705 70.9043235 70.53953783333334 70.23088416666667 69.9783625 69.71955984375 69.62610046875 69.70929015624999 69.79247984375 69.87566953125 69.95885921875 70.04204890625 70.11678757874016 70.04785899606298 69.97893041338583 69.91000183070867 70.24474600858369 70.59251188841202 70.94027776824035 71.28804364806867 71.635809527897 71.98357540772533 72.33134128755364 72.67910716738197 73.0268730472103 73.37463892703863 73.72240480686696 74.07017068669528 74.18491154605263 74.2530474013158 74.32118325657896
-9999 -9999 -9999 81.61190309692671 80.94674106382979 80.28157903073284 78.90560633333334 77.40039533333332 75.91747435185185 74.94722379629631 74.05062270949722 73.52226896648045 72.99391522346369 72.46556148044694 71.92928470588235 71.39579816666667 71.0310125 70.66622683333333 70.30144116666666 69.99278749999999 69.90309671874999 69.98628640625 70.06947609375 70.15266578125 70.23585546875 70.31904515625 70.40223484375 70.39246336614173 70.32353478346457 70.42388832618026 70.77165420600858 71.11942008583691 71.46718596566524 71.81495184549357 72.16271772532188 72.51048360515023 72.85824948497854 73.20601536480687 73.55378124463519 73.90154712446352 74.24931300429185 74.59707888412018 74.86095575657896 74.92909161184211 74.99722746710526
-9999 -9999 -9999 81.99797761229314 81.33281557919622 80.66765354609929 79.35629999999999 77.851089 76.41274805555555 75.4424975 74.63006723463687 74.10171349162012 73.57335974860337 73.04500600558659 72.51665226256983 71.97811176470589 71.52248716666668 71.1577015 70.79291583333334 70.42813016666666 70.32624833333333 70.3120011111111 70.34647234375 70.42966203125 70.51285171875 70.59604140625001 70.67923109375 70.73706773622047 70.66813915354331 70.95079652360513 71.29856240343348 71.6463282832618 71.99409416309012 72.34186004291846 72.68962592274679 73.03739180257512 73.38515768240345 73.73292356223176 74.08068944206009 74.42845532188842 74.77622120171674 75.12398708154507 75.4717529613734 75.60513582236844 75.75284375000001
-9999 -9999 -9999 82.38405212765957 81.71889009456265 81.0537280614657 79.80699366666666 78.30178266666667 76.90802175925927 75.9377712037037 75.20951175977653 74.68115801675978 74.15280427374302 73.62445053072626 73.0960967877095 72.56774304469273 72.02693882352942 71.64917616666668 71.2843905 71.00723944444445 70.99299222222223 70.978745 70.96449777777778 70.95025055555556 70.93600333333333 70.92175611111111 70.95622734375 71.03941703125001 71.1299388412017 71.47770472103005 71.82547060085837 72.1732364806867 72.52100236051503 72.86876824034334 73.21653412017167 73.5643 73.92574047486033 74.28718094972066 74.64862142458102 75.01006189944135 75.37150237430168 75.73294284916201 76.0899110636646 76.3534434 76.66471399253732
-9999 -9999 -9999 82.770126643026 82.10496460992907 81.43980257683214 80.25768733333332 78.75247633333332 77.40329546296296 76.4330449074074 75.7889562849162 75.26060254189944 74.7322487988827 74.20389505586593 73.67554131284916 73.14718756983241 72.61883382681563 72.14065083333332 71.77586516666668 71.67398333333334 71.65973611111112 71.64548888888889 71.63124166666667 71.61699444444444 71.60274722222222 71.5885 71.58116313559321 71.57382627118643 71.76624379888268 72.12768427374303 72.48912474860334 72.85056522346369 73.21200569832402 73.57344617318435 73.9348866480447 74.29632712290503 74.65776759776537 75.0192080726257 75.38064854748603 75.74208902234636 76.10352949720671 76.45155319099379 76.77423407608697 77.01487020000002 77.40988280487804
-9999 -9999 -9999 83.15620115839243 82.49103912529552 81.82587709219858 80.708381 79.20317 77.89856916666668 76.92831861111111 76.36840081005587 75.84004706703911 75.31169332402234 74.78333958100559 74.25498583798883 73.72663209497208 73.1982783519553 72.66992460893854 72.35497444444444 72.34072722222221 72.32648 72.31914313559322 72.31180627118644 72.30446940677967 72.29713254237288 72.2897956779661 72.28245881355932 72.27512194915255 72.49827092178771 72.85971139664804 73.22115187150837 73.58259234636873 73.94403282122906 74.30547329608939 74.66691377094972 75.02835424581006 75.3897947206704 75.75123519553073 76.11267567039107 76.4741161452514 76.813195318323 77.13587620341615 77.449017 77.71276060975609 78.12235865853658
-9999 -9999 -9999 83.54227567375887 82.87711364066193 82.21195160756501 81.15907466666665 79.65386366666667 78.39384287037036 77.47619907821229 76.94784533519554 76.41949159217877 75.89113784916202 75.36278410614524 74.83443036312849 74.30607662011174 73.77772287709497 73.24936913407821 73.04244940677967 73.03511254237289 73.0277756779661 73.02043881355932 73.01310194915254 73.00576508474578 72.99842822033898 72.9910913559322 72.98375449152542 72.97641762711864 73.23029804469274 73.59173851955308 73.9531789944134 74.31461946927374 74.67605994413408 75.03750041899441 75.39894089385476 75.76038136871509 76.12182184357542 76.48326231843576 76.84470279329608 77.17483744565217 77.49751833074535 77.82019921583853 78.11044380000001 78.42523646341463 78.83483451219512
-9999 -9999 -9999 83.9283501891253 83.26318815602835 82.59802612293144 81.60976833333332 80.10455733333333 78.88911657407408 78.05564360335195 77.52728986033519 76.99893611731844 76.47058237430167 75.94222863128492 75.41387488826815 74.8855211452514 74.35716740223464 74.00167758064516 73.69804693548387 73.73640822033899 73.72907135593219 73.72173449152542 73.71439762711864 73.70706076271188 73.69972389830508 73.6923870338983 73.68505016949152 73.67771330508475 73.96232516759775 74.32376564245811 74.68520611731843 75.04664659217877 75.4080870670391 75.76952754189944 76.13096801675978 76.49240849162013 76.85384896648046 77.2137986878882 77.53647957298136 77.85916045807454 78.18184134316769 78.50452222826087 78.7718706 79.13771231707317 79.54731036585366
-9999 -9999 -9999 84.31442470449173 83.64926267139481 82.98410063829787 82.06046199999999 80.555251 79.38439027777778 78.63508812849162 78.10673438547485 77.5783806424581 77.05002689944135 76.52167315642458 75.99331941340782 75.46496567039105 75.07490306451612 74.77127241935484 74.46764177419355 74.3259419387755 74.4303670338983 74.42303016949153 74.41569330508474 74.40835644067796 74.40101957627118 74.39368271186441 74.38634584745763 74.37900898305085 74.69435229050279 75.05579276536312 75.41723324022347 75.7786737150838 76.14011418994414 76.50155466480447 76.8629951396648 77.22443561452515 77.57544081521739 77.89812170031057 78.22080258540373 78.5434834704969 78.86616435559007 79.18884524068324 79.44059012195123 79.85018817073171 80.2597862195122
-9999 -9999 -9999 84.70049921985816 84.03533718676123 83.3701751536643 82.51115566666667 81.00594466666666 79.87966398148149 79.21453265363128 78.68617891061453 78.15782516759776 77.629471424581 77.10111768156425 76.57276393854748 76.14812854838709 75.84449790322581 75.54086725806451 75.23723661290322 74.93360596774194 75.03480234693879 75.12432584745763 75.11698898305085 75.10965211864406 75.10231525423728 75.0949783898305 75.08764152542372 75.08030466101695 75.42637941340782 75.78781988826816 76.14926036312849 76.51070083798882 76.87214131284917 77.2335817877095 77.59502226256983 77.9370829425466 78.25976382763974 78.58244471273292 78.90512559782609 79.22780648291925 79.55048736801243 79.8674442 80.15306597560975 80.56266402439024 80.97226207317074
-9999 -9999 -9999 85.08657373522458 84.42141170212764 83.75624966903072 82.96184933333333 81.45663833333333 80.37493768518519 79.79397717877094 79.26562343575421 78.73726969273743 78.20891594972068 77.68056220670391 77.22135403225806 76.91772338709677 76.6140927419355 76.31046209677419 76.00683145161291 75.7032008064516 75.60198367346939 75.74366275510205 75.81828466101695 75.81094779661017 75.80361093220338 75.7962740677966 75.78893720338982 75.79696606145252 76.15840653631284 76.51984701117318 76.88128748603351 77.24272796089384 77.60416843575419 77.96560891061452 78.29872506987577 78.62140595496894 78.94408684006211 79.26676772515529 79.58944861024844 79.91212949534162 80.2348103804348 80.528871 80.8655418292683 81.27513987804878 81.68473792682926
