hw/01/tin.asc
NCOLS 250
NROWS 250
XLLCENTER 2.5
YLLCENTER 3.5
CELLSIZE 1
NODATA_VALUE -9999
[rows 40 to 59 of 250, columns 180 to 224 of 250]
52.74754102247191 51.84834526966292 50.94633793589743 50.204690178571425 49.87846776136364 49.58903135227273 49.299594943181816 49.01015853409091 48.720722125 48.4312857159091 48.14184930681819 47.85241289772727 47.562976488636366 47.273540079545455 46.96506620833333 46.637554875000006 46.31004387096774 45.982533290322586 45.6931437368421 45.44187521052632 45.20291681355932 45.0501293220339 44.95978197058823 44.95458026470589 44.949378558823526 44.944176852941176 44.93897514705883 44.93377344117647 44.92857173529412 44.923370029411764 44.918168323529414 44.91296661764706 44.90539722352941 44.89275421176471 44.93094357446809 44.927087500000006 44.909236666666665 44.89138583333333 44.873535000000004 44.81384785714286 44.75416071428572 44.69447357142857 44.63478642857143 44.58292458762887 44.54671335051547
52.65752574157303 51.75832998876405 50.85913949450549 50.326074116071425 50.09249250892857 49.85891090178572 49.58343819318181 49.29400178409091 49.004565375 48.715128965909095 48.425692556818184 48.13625614772727 47.84681973863637 47.55738332954545 47.24890945833334 46.921398125 46.59388683870968 46.26637625806452 46.007483526315795 45.756215 45.5254633559322 45.37267586440678 45.35044502941177 45.34524332352942 45.34004161764707 45.3348399117647 45.32963820588235 45.324436500000004 45.31923479411765 45.31403308823529 45.30883138235295 45.30362967647059 45.29842797058824 45.28882912941176 45.31404083333334 45.29619 45.278339166666676 45.227019285714285 45.16733214285714 45.107645000000005 45.0714337628866 45.03522252577319 44.999011288659794 44.962800051546395 44.881485616438354
52.56751046067416 51.66833048351648 50.76922938461538 50.30271595535714 50.06913434821428 49.83555274107143 49.60197113392858 49.36838952678572 49.13480791964285 48.9012263125 48.66764470535715 48.42009939772728 48.130662988636374 47.841226579545456 47.53275270833334 47.205241375 46.877730041666666 46.57309184210526 46.32182331578947 46.07055478947368 45.848009898305094 45.74630979411764 45.74110808823529 45.73590638235294 45.730704676470594 45.72550297058824 45.72030126470588 45.715099558823525 45.709897852941175 45.704696147058826 45.699494441176476 45.69429273529412 45.68909102941176 45.683889323529414 45.683143333333334 45.640190714285716 45.59615417525774 45.55994293814433 45.523731701030925 45.48752046391753 45.45130922680413 45.41509798969072 45.378886752577316 45.31838917808219 45.20584945205479
52.47752147252747 51.57842037362637 50.67931927472527 50.27935779464286 50.045776187499996 49.81219458035715 49.578612973214284 49.34503136607143 49.11144975892857 48.87786815178572 48.64428654464286 48.4107049375 48.17712333035714 47.959713985294115 47.849886738095236 47.52237540476191 47.194864071428576 46.89037602941177 46.63616310526316 46.38489457894737 46.17055644067797 46.13697285294118 46.13177114705882 46.126569441176464 46.12136773529412 46.116166029411765 46.11096432352941 46.10576261764706 46.1005609117647 46.09535920588236 46.090157500000004 46.08895742857143 46.08775735714286 46.08655728571429 46.04845211340206 46.01224087628867 45.97602963917526 45.93981840206186 45.903607164948454 45.867395927835055 45.83118469072165 45.79497345360825 45.75529273972602 45.64275301369863 45.53021328767123
52.387611362637365 51.48851026373626 50.58940916483517 50.25599963392857 50.022418026785715 49.78883641964286 49.5552548125 49.32167320535714 49.08809159821428 48.854509991071424 48.62092838392857 48.38734677678572 48.202281955882356 48.100389283783784 48.04488114864865 47.87280021428572 47.545288880952384 47.222382205882354 46.95933608823529 46.69923436842105 46.53283761764706 46.52763591176471 46.522434205882355 46.5172325 46.51603242857143 46.51483235714286 46.51363228571429 46.51243221428572 46.511232142857146 46.510032071428576 46.508832000000005 46.50763192857143 46.50643185714286 46.467465805194806 46.428499753246754 46.39211634020619 46.35590510309279 46.31969386597938 46.28348262886598 46.24727139175258 46.21106015463917 46.17484891752577 46.07965657534246 45.967116849315076 45.85457712328767
52.29770125274725 51.398600153846154 50.499499054945055 50.23264147321429 49.999059866071434 49.76547825892857 49.53189665178571 49.29831504464286 49.0647334375 48.83115183035714 48.61374248529412 48.444849926470596 48.31203422972973 48.25652609459459 48.20101795945946 48.14550982432433 47.89571369047619 47.568202357142866 47.29134226470588 47.028296147058825 46.935219825 46.93830714285715 46.93710707142857 46.935907 46.93470692857143 46.93350685714286 46.93230678571428 46.93110671428572 46.92990664285715 46.92870657142858 46.92750650000001 46.92630642857143 46.88734037662338 46.84837432467533 46.80940827272727 46.771991804123715 46.73578056701031 46.6995693298969 46.663358092783504 46.627146855670105 46.5909356185567 46.51656013698631 46.40402041095891 46.2914806849315 46.178940958904114
52.20779114285714 51.30869004395605 50.44286491964286 50.2092833125 49.97570170535714 49.742120098214286 49.508538491071434 49.27495688392857 49.041375276785715 48.85631045588235 48.68741789705882 48.523679175675674 48.46817104054054 48.412662905405405 48.35715477027027 48.30164663513513 48.2461385 47.918627166666674 47.623348441176475 47.36030232352941 47.323882600000005 47.344119475 47.35578157142857 47.3545815 47.353381428571424 47.35218135714286 47.35098128571429 47.34978121428571 47.34858114285714 47.34738107142857 47.346181 47.30721494805195 47.2682488961039 47.22928284415584 47.190316792207796 47.151867268041244 47.11565603092784 47.07944479381443 47.04323355670104 47.00702231958763 46.95346369863013 46.84092397260274 46.728384246575345 46.61584452054794 46.503304794520545
52.117881032967034 51.218779934065935 50.41950675892857 50.18592515178571 49.95234354464286 49.7187619375 49.48518033035714 49.26777098529412 49.0988784264706 48.92998586764706 48.76109330882353 48.67981598648649 48.62430785135135 48.56879971621622 48.51329158108108 48.45778344594595 48.40227531081081 48.26905197619047 47.95535461764706 47.692308499999996 47.712545375000005 47.73278225 47.753019125 47.773256 47.77205592857143 47.77085585714286 47.769655785714285 47.768455714285714 47.76725564285714 47.76605557142857 47.72708951948052 47.68812346753247 47.649157415584426 47.61019136363637 47.57122531168831 47.532259259740265 47.495531494845366 47.45932025773196 47.42310902061856 47.386897783505155 47.277827534246576 47.165287808219176 47.05274808219178 46.94043163636364 46.83057127272727
52.02797092307692 51.12886982417583 50.39614859821428 50.16256699107143 49.92898538392857 49.69540377678572 49.510338955882354 49.341446397058824 49.172553838235295 49.00366127941176 48.89146093243244 48.835952797297296 48.78044466216216 48.724936527027026 48.66942839189189 48.61392025675676 48.55841212162163 48.50290398648649 48.29196545238095 48.080971275 48.101208150000005 48.121445025 48.1416819 48.161918775000004 48.18215565 48.18953035714286 48.18833028571429 48.187130214285716 48.185930142857146 48.14696409090909 48.107998038961036 48.069031987012984 48.03006593506494 47.99109988311688 47.95213383116884 47.91316777922078 47.87540695876289 47.83919572164948 47.80298448453608 47.714731095890414 47.602191369863014 47.489651643835614 47.379568 47.269707636363634 47.15984727272727
51.938060813186816 51.03895971428572 50.3727904375 50.13920883035714 49.921799485294116 49.75290692647059 49.58401436764706 49.415121808823535 49.24622925 49.103105878378386 49.047597743243244 48.99208960810812 48.936581472972975 48.88107333783783 48.825565202702705 48.77005706756756 48.714548932432436 48.659040797297294 48.60353266216216 48.469634049999996 48.489870925 48.5101078 48.530344674999995 48.550581550000004 48.570818425 48.5910553 48.60700478571428 48.60580471428572 48.56683866233766 48.52787261038961 48.488906558441556 48.449940506493505 48.41097445454545 48.3720084025974 48.33304235064935 48.2940762987013 48.25528242268041 48.21907118556701 48.15163465753425 48.03909493150685 47.92856472727273 47.818704363636364 47.708844 47.59898363636364 47.48912327272727
51.84815070329671 50.949049604395604 50.34943227678571 50.16436745588235 49.99547489705883 49.82658233823529 49.65768977941177 49.48879722058823 49.31990466176471 49.25924268918919 49.20373455405405 49.14822641891892 49.09271828378378 49.03721014864865 48.98170201351351 48.926193878378385 48.87068574324324 48.84078585193134 48.99014366738198 49.04418137083333 49.06441824583333 49.08465512083333 49.10489199583333 49.125128870833336 49.14536574583333 49.16560262083333 49.185839495833335 49.125806096153845 49.05593051923077 48.986054942307696 48.91617936538461 48.84630378846154 48.791882974025974 48.75291692207793 48.71395087012987 48.67498481818182 48.63601876623377 48.58853821917808 48.47756145454545 48.367701090909094 48.25784072727273 48.147980363636364 48.03811999999999 47.928259636363634 47.81839927272728
51.924989124999996 50.99809660416666 50.45360243103448 50.23804286764706 50.06915030882353 49.90025775 49.731365191176465 49.562472632352936 49.470887635135135 49.4153795 49.359871364864865 49.30436322972973 49.248855094594596 49.19334695945946 49.21466355579399 49.36402137124464 49.513379186695275 49.66273700214592 49.81209481759657 49.87548530219781 49.8248501125 49.8450869875 49.8653238625 49.8855607375 49.9057976125 49.926034487500004 49.946271362500006 49.81580986538462 49.74593428846154 49.67605871153846 49.606183134615385 49.53630755769231 49.46643198076923 49.39655640384615 49.326680826923074 49.25680525 49.186929673076925 48.94185740082645 48.83199703719008 48.72213667355372 48.61227630991735 48.50241594628099 48.392555582644626 48.282695219008275 48.1728348553719
52.0852018125 51.349508465517246 50.90061387931034 50.45171929310345 50.142825720588235 49.97393316176471 49.805040602941176 49.682532581081084 49.62702444594595 49.571516310810814 49.51600817567568 49.58854125965666 49.73789907510729 49.887256890557936 50.03661470600858 50.18597252145922 50.33533033690988 50.48468815236052 50.634045967811154 50.761911950549454 50.585281979166666 50.60551885416667 50.62575572916666 50.645992604166665 50.66622947916667 50.68646635416667 50.70670322916667 50.54102768333333 50.435938057692304 50.36606248076923 50.296186903846156 50.22631132692308 50.15643575 50.08656017307692 50.016684596153844 49.94680901923077 49.83848218085106 49.3840939893617 49.211592202479345 49.10173183884297 48.99187147520661 48.88201111157025 48.772150747933885 48.66229038429752 48.55243002066116
52.245414499999995 51.796519913793105 51.3476253275862 50.89873074137931 50.44983615517241 50.047608573529416 49.894177527027026 49.83866939189189 49.96241896351931 50.11177677896997 50.2611345944206 50.41049240987124 50.559850225321895 50.70920804077253 50.85856585622318 51.00792367167382 51.157281487124465 51.30663930257511 51.455997118025756 51.60535493347639 51.432335258241764 51.36595072083333 51.386187595833334 51.40642447083333 51.42666134583333 51.44689822083334 51.467135095833335 51.301459550000004 51.12594182692308 51.05606625 50.98619067307692 50.91631509615385 50.84643951923077 50.77656394230769 50.706688365384615 50.63681278846154 50.374680904255314 49.920292712765956 49.5911873677686 49.48132700413223 49.37146664049587 49.2616062768595 49.151745913223145 49.04188554958678 48.93202518595041
52.69242594827587 52.24353136206896 51.794636775862074 51.345742189655176 50.89385652083334 50.432997604166665 50.484269288235296 50.63501229828326 50.78437011373391 50.93372792918455 51.0830857446352 51.232443560085834 51.38180137553648 51.531159190987125 51.68051700643777 51.82987482188841 51.97923263733906 52.1285904527897 52.277948268240344 52.42730608369098 52.31876190659341 52.1263825875 52.1466194625 52.16685633749999 52.1870932125 52.2073300875 52.2275669625 52.06189141666667 51.815945596153846 51.74607001923077 51.67619444230769 51.60631886538462 51.53644328846154 51.46656771153846 51.396692134615385 51.326816557692304 50.910879627659575 50.45649143617021 50.00210324468085 49.86092216942149 49.75106180578512 49.64120144214876 49.5313410785124 49.42148071487603 49.31162035123967
53.13943739655172 52.6815695625 52.220710645833336 51.75985172916667 51.2989928125 51.075525049999996 51.29144502941177 51.45280786470588 51.6063212639485 51.755679079399144 51.905036894849786 52.05439471030043 52.20375252575108 52.35311034120171 52.50246815665236 52.651825972103005 52.80118378755364 52.9505416030043 53.09989941845494 53.24925723390558 53.20518855494505 52.98918521428571 52.90705132916666 52.927288204166665 52.94752507916667 52.96776195416666 52.98799882916667 52.82232328333333 52.505949365384616 52.43607378846154 52.36619821153847 52.29632263461538 52.22644705769231 52.15657148076923 52.08669590384615 51.901466542553194 51.44707835106383 50.992690159574465 50.53830196808511 50.240517334710745 50.13065697107438 50.02079660743802 49.91093624380166 49.80107588016529 49.69121551652893
53.54756477083333 53.08670585416667 52.6258469375 52.164988020833334 51.70412910416667 51.93725793529412 52.098620770588234 52.259983605882354 52.42134644117647 52.577630229613725 52.72698804506439 52.87634586051502 53.025703675965666 53.1750614914163 53.32441930686696 53.4737771223176 53.623134937768235 53.772492753218884 53.92185056866953 54.07120838412017 54.091615203296705 53.87561186263736 53.66748319583333 53.687720070833336 53.70795694583333 53.72819382083333 53.748430695833335 53.58275515 53.23116718333333 53.12607755769231 53.05620198076923 52.98632640384616 52.91645082692308 52.84657525 52.77669967307692 52.43766526595744 51.98327707446809 51.52888888297872 51.07450069148936 50.620112500000005 50.51025213636363 50.400391772727275 50.29053140909091 50.180671045454545 50.07081068181819
54.380005139999994 53.729233300000004 53.07846146 52.5701243125 52.346656550000006 52.744433676470585 52.9057965117647 53.06715934705882 53.22852218235295 53.38988501764705 53.54893919527897 53.69829701072962 53.84765482618025 53.9970126416309 54.146370457081545 54.295728272532195 54.44508608798284 54.59444390343348 54.74380171888412 54.89315953433477 54.978041851648356 54.76203851098901 54.546035170329674 54.4481519375 54.468388812499995 54.4886256875 54.5088625625 54.343187016666676 53.991599050000005 53.816081326923076 53.74620575 53.67633017307692 53.606454596153846 53.53657901923077 53.42825218085106 52.9738639893617 52.519475797872346 52.065087606382974 51.61069941489362 51.15631122340425 50.88984730165289 50.779986938016535 50.67012657438016 50.5602662107438 50.438592
55.12566685294117 54.6091519 53.958380059999996 53.307608220000006 53.226575149999995 53.55160941764706 53.71297225294118 53.87433508823529 54.03569792352941 54.19706075882353 54.35842359411765 54.51978642941177 54.66960597639485 54.81896379184549 54.96832160729613 55.117679422746775 55.26703723819743 55.416395053648074 55.565752869098716 55.71511068454936 55.8644685 55.64846515934066 55.43246181868132 55.216458478021984 55.22882067916666 55.24905755416666 55.26929442916666 55.10361888333333 54.75203091666667 54.50608509615385 54.43620951923077 54.36633394230769 54.29645836538462 54.22658278846154 53.964450904255315 53.51006271276596 53.0556745212766 52.60128632978724 52.14689813829788 51.692509946808514 51.26944246694215 51.159582103305794 51.04972173966942 50.939861376033065 50.676421000000005
55.66994323529412 55.4890705 54.83829865999999 54.18752682 54.10649375 54.35878515882353 54.52014799411765 54.68151082941177 54.84287366470588 55.004236500000005 55.16559933529412 55.32696217058823 55.48832500588236 55.64091494206008 55.790272757510735 55.93963057296138 56.08898838841202 56.23834620386266 56.387704019313304 56.53706183476396 56.68641965021459 56.534891807692304 56.31888846703297 56.10288512637363 55.98925254583333 56.009489420833326 56.02972629583333 55.86405075 55.51246278333333 55.19608886538463 55.12621328846155 55.05633771153847 54.986462134615394 54.91658655769231 54.50064962765958 54.04626143617021 53.591873244680855 53.13748505319149 52.68309686170213 52.22870867021276 51.7743204787234 51.53917726859505 51.42931690495868 51.284015 50.91425000000001
