hw/01/tin.asc
NCOLS 250
NROWS 250
XLLCENTER 2.5
YLLCENTER 3.5
CELLSIZE 1
NODATA_VALUE -9999
[rows 120 to 139 of 250, columns 45 to 89 of 250]
122.54017143835615 123.1130615068493 123.68595157534247 124.25884164383564 124.83173171232876 125.40462178082191 125.97751184931508 126.5504019178082 127.12329198630138 127.69618205479452 128.28169962962963 128.87623685185184 129.4707740740741 130.04570388888888 130.551818 131.02370203333334 131.5649591 132.10621616666668 132.64747323333333 133.1887303 133.72998736666668 134.27124443333332 134.8125015 135.35375856666667 135.89501563333334 136.4362727 136.97752976666666 137.51878683333334 138.04243736842105 138.54887333333332 138.98953770833333 139.33956948863636 139.686361875 140.03315426136362 140.37994664772728 140.7267390340909 141.07353142045454 141.4203238068182 141.70778161616164 141.93590484848485 142.1640280808081 142.3921513131313 142.62027454545455 142.8483977777778 143.076521010101
122.70714000000001 123.3355824 123.93075575342466 124.50364582191781 125.07653589041095 125.6494259589041 126.22231602739726 126.7952060958904 127.36809616438357 127.94098623287671 128.53011166666667 129.12464888888888 129.7191861111111 130.31372333333334 130.80503699999997 131.27692103333334 131.8181781 132.35943516666669 132.90069223333333 133.4419493 133.98320636666665 134.52446343333332 135.0657205 135.60697756666667 136.14236578947367 136.63667210526313 137.13097842105265 137.64087999999998 138.15598 138.67108 139.111744375 139.477973125 139.83448369318182 140.18127607954546 140.5280684659091 140.87486085227272 141.22165323863635 141.568445625 141.85590343434345 142.08402666666666 142.3121498989899 142.54027313131314 142.76839636363636 142.9965195959596 143.2246428282828
122.85743 123.4937 124.1235656 124.74844999999999 125.32134006849316 125.8942301369863 126.46712020547945 127.0400102739726 127.61290034246575 128.1857904109589 128.77852370370368 129.37306092592593 129.96759814814814 130.56213537037036 131.058256 131.53014003333334 132.0713971 132.61265416666666 133.15391123333333 133.6951683 134.23642536666665 134.73660052631578 135.23090684210524 135.72521315789473 136.2195194736842 136.73288666666664 137.24798666666666 137.76308666666665 138.27818666666667 138.7932866666667 139.23395104166667 139.60017979166668 139.96640854166668 140.32939789772726 140.6761902840909 141.02298267045455 141.36977505681818 141.71656744318182 142.00402525252525 142.2321484848485 142.46027171717174 142.68839494949495 142.9165181818182 143.1446414141414 143.39208927272728
123.00772 123.64398999999999 124.28026 124.91154879999999 125.53643319999999 126.1390343150685 126.71192438356164 127.28481445205477 127.85770452054794 128.43239851851854 129.02693574074073 129.62147296296297 130.21601018518518 130.8064 131.311475 131.78335903333334 132.32461610000001 132.83652894736844 133.3308352631579 133.82514157894735 134.31944789473687 134.8137542105263 135.30979333333332 135.82489333333334 136.33999333333335 136.85509333333334 137.37019333333333 137.88529333333332 138.3870897368421 138.88223434210528 139.30625907216495 139.72238645833335 140.08861520833335 140.45484395833333 140.82107270833333 141.1711044886364 141.517896875 141.86468926136365 142.15214707070706 142.3802703030303 142.60839353535354 142.83651676767676 143.06464 143.38938636363636 143.71413272727273
123.15801 123.79428 124.43055000000001 125.06682 125.699532 126.3244164 126.94930079999999 127.52961863013698 128.10250869863015 128.68081055555558 129.27534777777777 129.869885 130.45198 130.957055 131.45159625 131.92507 132.41937631578946 132.91368263157895 133.40798894736844 133.9022952631579 134.4018 134.9169 135.43200000000002 135.9471 136.44224460526317 136.9373892105263 137.43253381578947 137.92767842105263 138.42282302631577 138.84760147058824 139.26879010309278 139.69489721649484 140.12100432989692 140.54711144329897 140.943279375 141.30950812499998 141.66601869318183 142.01281107954546 142.3002688888889 142.5283921212121 142.75651535353535 143.0619370909091 143.38668345454545 143.7114298181818 144.03617618181818
123.30830000000002 123.94457 124.58084 125.21710999999999 125.85337999999999 126.48751519999999 127.11239959999999 127.737284 128.34731287671232 128.9292225925926 129.515465 130.09756 130.60263500000002 131.07610875 131.5495825 132.02305625 132.49653 132.99083631578947 133.49380666666667 134.00225486842106 134.49739947368423 134.99254407894736 135.48768868421053 135.9828332894737 136.47797789473685 136.9731225 137.46826710526315 137.96341171052632 138.42337323529412 138.80521402061856 139.23132113402062 139.65742824742267 140.08353536082473 140.5096424742268 140.93574958762886 141.36185670103092 141.787963814433 142.1609328977273 142.4483907070707 142.7344878181818 143.05923418181817 143.38398054545456 143.70872690909093 144.0334732727273 144.35821963636366
123.41189857142857 124.06684514285713 124.72179171428571 125.36740000000002 126.00367000000001 126.63994000000001 127.27549839999999 127.9003828 128.52889833333333 129.161045 129.74314 130.2271475 130.70062125 131.17409500000002 131.6290107534247 132.0839265068493 132.53884226027398 133.03859361111114 133.54284355263158 134.03798815789474 134.53313276315788 135.02827736842104 135.5234219736842 136.01856657894737 136.51371118421054 137.00885578947367 137.50400039473686 137.999145 138.3711488235294 138.7677450515464 139.19385216494848 139.6199592783505 140.04606639175256 140.47217350515464 140.8982806185567 141.32438773195875 141.75049484536083 142.17488202054793 142.5481131818182 142.87285954545456 143.1976059090909 143.52235227272726 143.84709863636365 144.17184500000002 144.49659136363638
123.41277600000001 124.06772257142858 124.72266914285714 125.37761571428571 126.03256228571428 126.68750885714286 127.34245542857143 127.97745208333333 128.60959875 129.232180625 129.77742801369862 130.2323437671233 130.68725952054797 131.1421752739726 131.59709102739725 132.05200678082193 132.50919913793106 133.02063096774194 133.55126083333334 134.0646161111111 134.56886605263156 135.06401065789476 135.5591552631579 136.05429986842105 136.54944447368422 137.04458907894735 137.53973368421055 137.9469205882353 138.31892441176473 138.73027608247423 139.1563831958763 139.58249030927834 140.0085974226804 140.43470453608248 140.86081164948456 141.2869187628866 141.70786606164384 142.12480017123286 142.5028131818182 142.82755954545456 143.1523059090909 143.4770522727273 143.80179863636363 144.12654500000002 144.4512913636364
123.38364044444445 124.0686 124.72354657142859 125.37849314285714 126.03343971428572 126.68838628571427 127.32908291666666 127.96122958333333 128.56468187500002 129.158569375 129.74550828767124 130.2004240410959 130.65533979452056 131.1102555479452 131.56517130136987 132.02008705479454 132.4954922413793 133.00049327586208 133.541935483871 134.06392805555555 134.57728333333333 135.09063861111113 135.59488855263157 136.09003315789474 136.58517776315787 137.08032236842106 137.52269235294116 137.89469617647057 138.26670000000001 138.69280711340207 139.11891422680412 139.54502134020618 139.97112845360826 140.3972355670103 140.82334268041237 141.24085010273973 141.65778421232878 142.0747183219178 142.45751318181817 142.78225954545456 143.1070059090909 143.43175227272727 143.75649863636363 144.081245 144.40599136363636
123.35450488888888 124.03946444444445 124.724424 125.37937057142857 126.03431714285716 126.68071375 127.30329562500003 127.89718312500001 128.49107062500002 129.084958125 129.678845625 130.1685043150685 130.62342006849317 131.07833582191782 131.5332515753425 131.98816732876713 132.48178534482759 132.98678637931036 133.51965419354838 134.06324 134.57659527777778 135.08995055555556 135.60330583333334 136.1166611111111 136.62091105263158 137.09846411764704 137.47046794117648 137.84247176470586 138.22923103092785 138.6553381443299 139.08144525773196 139.507552371134 139.9336594845361 140.3569000342466 140.77383414383561 141.19076825342466 141.60770236301371 142.02463647260277 142.41221318181817 142.73695954545457 143.0617059090909 143.38645227272727 143.71119863636363 144.03594500000003 144.36069136363636
123.32536933333333 124.01032888888889 124.69528844444444 125.38024800000001 126.03234458333333 126.63579687500001 127.229684375 127.823571875 128.417459375 129.01134687500002 129.605234375 130.1365845890411 130.59150034246576 131.04641609589044 131.50133184931508 131.9630774137931 132.46807844827586 132.97307948275864 133.49737290322582 134.04095870967745 134.57590722222224 135.08926250000002 135.60261777777777 136.11597305555554 136.62932833333332 137.04623970588236 137.41824352941177 137.79024735294115 138.19176206185568 138.61786917525774 139.0439762886598 139.47008340206187 139.88988407534248 140.3068181849315 140.72375229452052 141.1406864041096 141.55762051369862 141.97455462328767 142.36691318181818 142.69165954545457 143.0164059090909 143.34115227272727 143.66589863636364 143.99064500000003 144.3153913636364
123.29623377777779 123.98119333333335 124.6661528888889 125.34121346153846 125.95837690476189 126.56218562500001 127.15607312499999 127.749960625 128.343848125 128.93773562500002 129.531623125 130.1046648630137 130.55958061643835 131.01449636986302 131.46941212328767 131.9493705172414 132.45437155172414 132.9593725862069 133.47509161290324 134.01867741935484 134.56226322580645 135.08857444444445 135.60192972222222 136.115285 136.54716555555558 136.9790461111111 137.36601911764706 137.73802294117647 138.1542930927835 138.58040020618557 139.00593400684932 139.42286811643834 139.83980222602742 140.25673633561644 140.6736704452055 141.0906045547945 141.50753866438356 141.9244727739726 142.32161318181818 142.64635954545454 142.9711059090909 143.29585227272727 143.62059863636364 143.945345 144.27009136363637
123.26709822222223 123.95205777777778 124.60732038461539 125.20974595238096 125.82523833333333 126.45881071428572 127.082461875 127.676349375 128.270236875 128.86412437500002 129.458011875 130.051899375 130.52766089041097 130.9825766438356 131.43749239726029 131.93566362068964 132.4406646551724 132.9456656896552 133.45281032258066 133.99639612903226 134.5399819354839 135.0835677419355 135.60124166666668 136.03312222222223 136.46500277777778 136.89688333333334 137.31379470588234 137.69071701030927 138.11682412371133 138.5389180479452 138.95585215753422 139.37278626712327 139.78972037671232 140.20665448630137 140.62358859589042 141.04052270547945 141.4574568150685 141.87439092465752 142.27631318181818 142.60105954545455 142.9258059090909 143.25055227272728 143.57529863636364 143.900045 144.33792543103448
123.23796266666668 123.87342730769231 124.479195 125.0766073809524 125.69209976190476 126.32567214285716 126.95924452380953 127.5928169047619 128.19662562500002 128.79051312500002 129.384400625 129.978288125 130.49574116438356 130.9506569178082 131.4169556896552 131.92195672413794 132.4269577586207 132.93195879310346 133.4369598275862 133.97411483870968 134.51770064516128 135.03239958333336 135.4749484375 135.92917727272726 136.38284 136.81472055555557 137.2466011111111 137.6532480412371 138.0719020890411 138.48883619863014 138.9057703082192 139.32270441780824 139.73963852739726 140.15657263698628 140.57350674657533 140.99044085616438 141.4073749657534 141.82670000000002 142.23101318181818 142.55575954545452 142.8805059090909 143.20525227272728 143.52999863636364 143.92794939655175 144.43903422413794
123.13953423076923 123.74530192307694 124.34605642857143 124.94346880952381 125.55896119047618 126.19253357142858 126.82610595238096 127.45967833333334 128.09325071428572 128.71690187500002 129.310789375 129.904676875 130.46382143835618 130.91873719178082 131.40324879310344 131.9082498275862 132.41325086206902 132.91825189655174 133.42325293103448 133.9518335483871 134.40875875 134.83679708333338 135.2793459375 135.73640531249998 136.1917663636364 136.6454290909091 137.09909181818182 137.56337321428572 138.02182023972603 138.43875434931505 138.8556884589041 139.27262256849315 139.68955667808217 140.10649078767125 140.52342489726027 140.94035900684932 141.35729311643837 141.78140000000002 142.1857131818182 142.51045954545455 142.83520590909092 143.15995227272728 143.517973362069 144.0290581896552 144.54014301724138
123.01140884615386 123.61550547619048 124.21291785714286 124.81033023809523 125.42582261904762 126.059395 126.69296738095238 127.32653976190477 127.96011214285714 128.59368452380951 129.2272569047619 129.831065625 130.424953125 130.8868174657534 131.38954189655172 131.8945429310345 132.39954396551724 132.904545 133.34347055555557 133.78239611111113 134.21315625 134.64119458333334 135.0837434375 135.5408028125 135.9978621875 136.45435545454544 136.921345 137.35234 137.84719964285713 138.38867249999998 138.80560660958903 139.22254071917808 139.63947482876713 140.05640893835618 140.4733430479452 140.89027715753423 141.30721126712328 141.7361 142.1404131818182 142.46515954545455 142.78990590909092 143.11465227272728 143.61908215517244 144.13016698275862 144.6412518103448
122.83719613636364 123.47281522727272 124.0797792857143 124.67719166666666 125.29268404761906 125.92625642857143 126.55982880952382 127.19340119047621 127.82697357142857 128.46054595238095 129.09411833333334 129.72769071428573 130.351341875 130.87083396551725 131.375835 131.81476055555555 132.2536861111111 132.69261166666666 133.13153722222222 133.57046277777778 134.00938833333333 134.44559208333334 134.8881409375 135.3452003125 135.81036899999998 136.283647 136.756925 137.18792000000002 137.58955321428573 138.13102607142858 138.67249892857143 139.172458869863 139.58939297945207 140.0063270890411 140.42326119863017 140.8401953082192 141.25712941780824 141.69080000000002 142.0951131818182 142.41985954545456 142.74460590909092 143.20910612068965 143.7201909482759 144.23127577586206 144.74236060344828
122.6467475 123.28236659090908 123.91798568181818 124.5440530952381 125.15954547619047 125.79311785714286 126.42669023809525 127.06026261904763 127.693835 128.3144295238095 128.93502404761907 129.55561857142857 130.1762130952381 130.65147244444444 131.090398 131.52932355555555 131.9682491111111 132.40717466666666 132.84610022222222 133.28502577777778 133.72395133333333 134.1768180769231 134.64651824324324 135.130388 135.60366600000003 136.076944 136.550222 137.0235 137.37852 137.87337964285717 138.4148525 138.95632535714284 139.49779821428572 139.95624523972603 140.37317934931508 140.79011345890413 141.20704756849315 141.6455 142.04981318181817 142.37455954545456 142.7991300862069 143.31021491379312 143.82129974137933 144.33238456896552 144.84346939655174
122.45629886363636 123.09191795454544 123.70636891129031 124.29965173387097 124.94799654761904 125.58211214285714 126.20270666666667 126.8233011904762 127.44389571428572 128.06449023809523 128.68508476190476 129.3056792857143 129.85360622222223 130.29253177777778 130.73145733333334 131.1703828888889 131.60930844444448 132.048234 132.48915115384614 132.9479926923077 133.40683423076925 133.86567576923076 134.32994662162164 134.81593472972972 135.30192283783788 135.78791094594595 136.267544 136.74082199999998 137.2141 137.61573321428574 138.15720607142856 138.69867892857144 139.2401517857143 139.78162464285714 140.32309750000002 140.74003160958904 141.1569657191781 141.6002 142.0045131818182 142.38915405172415 142.90023887931036 143.41132370689655 143.92240853448277 144.43349336206896 144.94457818965518
122.16000955645163 122.75329237903227 123.3465752016129 123.94225202380953 124.61693083333333 125.29160964285714 125.95276738095238 126.5733619047619 127.19395642857143 127.81455095238096 128.43514547619048 129.05574000000001 129.49466555555554 129.93359111111113 130.37251666666668 130.81144222222224 131.26032576923075 131.71916730769232 132.17800884615386 132.6368503846154 133.09569192307694 133.55453346153848 134.013375 134.49936310810813 134.9853512162162 135.47133932432436 135.95732743243244 136.44331554054054 136.92930364864867 137.40470000000002 137.89955964285716 138.44103249999998 138.98250535714286 139.5239782142857 140.06545107142858 140.60692392857143 141.10688386986303 141.5549 141.97917801724142 142.4902628448276 143.0013476724138 143.51243250000002 143.96687358695652 144.42131467391303 144.87575576086957
