hw/01/tin.asc
NCOLS 250
NROWS 250
XLLCENTER 2.5
YLLCENTER 3.5
CELLSIZE 1
NODATA_VALUE -9999
[rows 200 to 219 of 250, columns 135 to 179 of 250]
126.99277642857143 127.21288464285715 127.43299285714286 127.65310107142857 127.8732092857143 128.0933175 128.41765704545455 128.73117988372096 128.9906191860465 129.21864537735848 129.39431638364778 129.56998738993713 129.74565839622642 129.91868626984126 130.08774944444446 130.25681261904762 130.4258757936508 130.59493896825398 130.76400214285715 130.93306531746032 131.10212849206349 131.27119166666668 131.44025484126982 131.60931801587301 131.63331666666667 131.4155411111111 131.15925881773398 130.80929389162563 130.45932896551724 130.10936403940886 130.0 130.0 130.0 130.0 130.0 130.0 130.0 130.0 130.0 130.0 130.0 130.0 130.0 130.0 130.00000000000003
126.40059849999999 126.60332928571428 126.8234375 127.04354571428571 127.26365392857144 127.50460840909089 127.82894795454544 128.11362624031008 128.37306554263566 128.63250484496126 128.83958896226414 129.01525996855347 129.19093097484276 129.36660198113208 129.54227298742137 129.7179439937107 129.893615 130.06267817460318 130.23174134920635 130.40080452380954 130.5698676984127 130.73893087301587 130.90799404761904 131.07705722222224 131.19776555555555 130.97999 130.7575440350877 130.4155833497537 130.06561842364533 130.0 130.0 130.0 130.0 130.0 130.0 130.0 130.0 130.0 130.0 130.0 130.0 130.0 130.0 130.0 130.0
125.825798 125.99377392857144 126.21388214285714 126.43399035714287 126.65409857142858 126.91589931818181 127.23663329457364 127.49607259689921 127.7555118992248 128.0149512015504 128.27439050387596 128.4605325471698 128.63620355345913 128.81187455974845 128.98754556603774 129.16321657232703 129.33888757861635 129.51455858490567 129.69022959119496 129.86590059748428 130.0376069047619 130.2066700793651 130.37573325396824 130.54479642857143 130.71385960317463 130.5444388888889 130.32666333333333 130.02187280788178 130.0 130.0 130.0 130.0 130.0 130.0 130.0 130.0 130.0 130.0 130.0 130.0 130.0 130.0 130.0 130.0 130.0
125.2509975 125.40159599999998 125.60432678571428 125.824435 126.04454321428572 126.32719022727272 126.6190796511628 126.87851895348838 127.13795825581394 127.39739755813955 127.6568368604651 127.90580512578617 128.0814761320755 128.2571471383648 128.4328181446541 128.6084891509434 128.78416015723272 128.959831163522 129.13550216981133 129.31117317610065 129.48684418238994 129.66251518867924 129.83818619496856 130.01253563492062 130.1815988095238 130.1088877777778 130.0 130.0 130.0 130.0 130.0 130.0 130.0 130.0 130.0 130.0 130.0 130.0 130.0 130.0 130.0 130.0 130.0 130.0 130.0
124.676197 124.8267955 124.99477142857143 125.21487964285714 125.43498785714287 125.73848113636365 126.00152600775192 126.26096531007751 126.5204046124031 126.77984391472867 127.03928321705425 127.29872251937985 127.52674871069182 127.70241971698113 127.87809072327045 128.05376172955977 128.22943273584906 128.40510374213838 128.5807747484277 128.756445754717 128.9321167610063 129.1077877672956 129.2834587735849 129.45912977987422 129.64267162162162 129.92853432432432 130.0 130.0 130.0 130.0 130.0 130.0 130.0 130.0 130.0 130.0 130.0 129.99999999999997 130.0 130.0 130.0 130.0 130.0 130.0 130.0
124.10139649999999 124.251995 124.4025935 124.60532428571427 124.8254325 125.1245330620155 125.38397236434108 125.64341166666667 125.90285096899224 126.16229027131783 126.4217295736434 126.68116887596898 126.94060817829458 127.1476922955975 127.32336330188679 127.4990343081761 127.67470531446541 127.85037632075472 128.02604732704404 128.20171833333336 128.37738933962262 128.55306034591197 128.72873135220127 128.92801486486488 129.21387756756758 129.49974027027028 129.78560297297295 130.0 130.0 130.0 130.0 130.0 130.0 130.0 130.0 130.0 130.0 130.0 130.00000000000003 130.0 130.0 130.0 130.0 130.0 130.0
123.526596 123.67719450000001 123.827793 123.99576892857142 124.23672340909093 124.50697941860466 124.76641872093023 125.02585802325581 125.2852973255814 125.54473662790697 125.80417593023255 126.06361523255813 126.32305453488372 126.5824938372093 126.76863588050315 126.94430688679246 127.11997789308175 127.29564889937107 127.47131990566037 127.64699091194967 127.82266191823899 127.9983329245283 128.2133581081081 128.4992208108108 128.7850835135135 129.0709462162162 129.35680891891892 129.64194793103448 129.891511875 130.0 130.0 130.0 130.0 130.0 130.0 130.0 130.0 130.0 130.0 130.0 130.0 130.0 130.0 130.0 130.0
122.87593416666667 123.06446333333332 123.2529925 123.40359099999999 123.62998647286821 123.88942577519381 124.14886507751939 124.40830437984496 124.66774368217054 124.92718298449611 125.1866222868217 125.44606158914728 125.70550089147288 125.96494019379844 126.21390845911951 126.38957946540881 126.56525047169812 126.74092147798741 126.91659248427672 127.09226349056605 127.26793449685535 127.49870135135134 127.78456405405406 128.07042675675677 128.35628945945945 128.64118724137933 128.92584379310344 129.21050034482758 129.5118034375 129.674535625 129.8372678125 130.0 130.0 130.0 130.0 130.0 130.0 130.00000000000003 130.0 130.00000000000003 130.00000000000003 130.0 130.0 130.0 130.0
122.18734166666667 122.37587083333334 122.5644 122.75292916666666 122.99477596774194 123.26480938709678 123.53131143410853 123.79075073643412 124.0501900387597 124.30962934108527 124.56906864341084 124.82850794573643 125.08794724806201 125.3473865503876 125.60682585271317 125.83485204402517 126.01052305031446 126.18619405660378 126.36186506289309 126.53753606918238 126.7840445945946 127.0699072972973 127.35577 127.64042655172412 127.92508310344827 128.20973965517243 128.49439620689654 128.7790527586207 129.132095 129.2948271875 129.45755937500002 129.6202915625 129.78302374999998 129.9457559375 130.0 130.0 130.0 130.0 130.0 130.0 130.0 130.0 130.0 130.0 130.0
121.49874916666667 121.68727833333334 121.87580750000001 122.06433666666666 122.33228333333334 122.60134790322581 122.87138132258065 123.14141474193548 123.41144816129031 123.68148158064515 123.951515 124.21095430232559 124.47039360465116 124.72983290697675 124.98927220930233 125.24871151162792 125.45579562893083 125.63146663522012 125.80713764150943 126.06938783783784 126.35500931034484 126.63966586206898 126.9243224137931 127.20897896551723 127.49363551724139 127.77829206896551 128.06294862068967 128.34760517241378 128.709195625 128.91511875 129.0778509375 129.240583125 129.4033153125 129.5660475 129.7287796875 129.99409014084506 129.99527211267605 129.99645408450704 129.99763605633802 129.998818028169 130.0 130.0 130.0 130.0 130.0
120.81015666666667 120.99868583333333 121.18721500000002 121.40221666666667 121.67016333333333 121.93811000000001 122.20791983870969 122.47795325806452 122.74798667741935 123.0180200967742 123.28805351612903 123.55808693548387 123.82812035483872 124.09815377419358 124.3681871935484 124.63115786821706 124.89059717054263 125.07673921383648 125.35424862068965 125.6389051724138 125.92356172413793 126.20821827586207 126.49287482758622 126.77753137931035 127.06218793103449 127.34684448275863 127.63150103448277 127.9161575862069 128.28629625 128.5354103125 128.69814250000002 128.8608746875 129.02360687499998 129.1863390625 129.46510314285715 129.7778938095238 129.9822704225352 129.98345239436622 129.9846343661972 129.98581633802817 129.98699830985916 129.98818028169015 129.98936225352116 129.9905442253521 129.99172619718308
120.12156416666666 120.31009333333333 120.4986225 120.74009666666667 121.00804333333335 121.27599000000001 121.54445835483871 121.81449177419354 122.0845251935484 122.35455861290322 122.62459203225806 122.89462545161291 123.16465887096774 123.43469229032257 123.70472570967742 123.97475912903226 124.2447925483871 124.60966588235294 124.92280103448277 125.20745758620689 125.49211413793103 125.77677068965518 126.06142724137932 126.34608379310345 126.63074034482759 126.91539689655173 127.20005344827587 127.48471 127.86339687499999 128.155701875 128.3184340625 128.48116625 128.6438984375 128.86464657142858 129.2304345714286 129.54322523809523 129.8030185714286 129.97045070422536 129.97163267605632 129.97281464788733 129.97399661971832 129.9751785915493 129.97636056338027 129.97754253521126 129.97872450704224
119.43297166666667 119.62150083333333 119.81003 120.07797666666664 120.34592333333333 120.61386999999999 120.88181666666665 121.15103029032258 121.42106370967743 121.69109712903226 121.9611305483871 122.23116396774194 122.50119738709677 122.77123080645161 123.04126422580646 123.31129764516129 123.58982259259258 124.03582529411766 124.40591764705883 124.77601 125.06066655172413 125.34532310344827 125.62997965517242 125.91463620689655 126.1992927586207 126.48394931034483 126.76860586206897 127.06181062499999 127.4404975 127.7759934375 127.938725625 128.1014578125 128.26418999999999 128.629978 128.995766 129.30855666666665 129.56835 129.82814333333332 129.95863098591548 129.9598129577465 129.96099492957748 129.96217690140844 129.96335887323943 129.96454084507042 129.9733912195122
118.74437916666668 118.93290833333333 119.14791 119.41585666666666 119.68380333333333 119.95175 120.21969666666666 120.48764333333332 120.75760222580647 121.02763564516128 121.29766906451613 121.56770248387097 121.8377359032258 122.10776932258065 122.37780274193548 122.64783616129033 122.99429333333333 123.45114037037038 123.83207705882353 124.2021694117647 124.57226176470589 124.91387551724137 125.1985320689655 125.48318862068966 125.76784517241379 126.05250172413793 126.33715827586207 126.63891124999999 127.017598125 127.396285 127.5590171875 127.721749375 128.02952142857143 128.39530942857144 128.76109742857142 129.0738880952381 129.33368142857142 129.59347476190476 129.8532680952381 129.94681126760563 129.94799323943664 129.9491752112676 129.9503571830986 129.95701658536586 129.9713443902439
118.05578666666665 118.24431583333333 118.48579 118.75373666666667 119.02168333333333 119.28963 119.55757666666668 119.82552333333334 120.09414074193549 120.36417416129034 120.63420758064515 120.904241 121.17427441935484 121.44430783870968 121.71434125806451 121.98437467741937 122.39876407407408 122.8556111111111 123.25823647058823 123.62832882352942 123.99842117647059 124.36851352941174 124.73860588235294 125.05174103448275 125.3363975862069 125.62105413793103 125.90571068965517 126.216011875 126.59469874999999 126.97338562499999 127.17930875 127.42906485714285 127.79485285714286 128.16064085714285 128.52642885714286 128.83921952380953 129.09901285714284 129.3588061904762 129.6185995238095 129.87839285714287 129.93499154929577 129.93617352112676 129.9406419512195 129.95496975609757 129.9692975609756
117.37262231343283 117.55572333333333 117.82366999999999 118.09161666666667 118.35956333333334 118.62751000000002 118.89545666666666 119.16340333333332 119.43135000000001 119.70071267741935 119.97074609677419 120.24077951612904 120.51081293548387 120.78084635483872 121.05087977419356 121.34638777777778 121.8032348148148 122.26008185185187 122.68439588235296 123.05448823529412 123.4245805882353 123.79467294117649 124.16476529411764 124.53485764705883 124.90495 125.18960655172413 125.47426310344828 125.79311249999999 126.17179937499999 126.55048625 126.82860828571427 127.19439628571428 127.56018428571429 127.92597228571427 128.29176028571428 128.60455095238095 128.86434428571428 129.1241376190476 129.38393095238095 129.64372428571428 129.90351761904762 129.92426731707317 129.9385951219512 129.95292292682927 129.96725073170734
116.70031425373134 116.89360333333333 117.16155 117.42949666666668 117.69744333333334 117.96539000000001 118.23333666666667 118.50128333333333 118.76923 119.03725119354839 119.30728461290323 119.57731803225806 119.8473514516129 120.11738487096774 120.38741829032259 120.75085851851851 121.20770555555556 121.6645525925926 122.11055529411766 122.48064764705882 122.85074 123.22083235294119 123.59092470588234 123.96101705882353 124.33110941176471 124.70120176470589 125.04281551724138 125.370213125 125.74889999999999 126.09684952380954 126.45747300000001 126.82326099999999 127.18904899999998 127.55483699999999 127.92062499999999 128.2222138333333 128.48200716666665 128.7418005 129.00159383333335 129.26138716666665 129.52118049999999 129.7818484375 129.86957416666667 129.92855138888888 129.96520390243901
116.023808 116.2063681111111 116.49942999999999 116.76737666666665 117.03532333333334 117.30327 117.57121666666667 117.83916333333333 118.10711 118.37505666666668 118.64382312903226 118.91385654838709 119.18388996774195 119.45392338709678 119.72395680645161 120.15532925925926 120.6121762962963 121.06902333333333 121.52587037037038 121.90680705882355 122.2768994117647 122.64699176470589 123.01708411764706 123.38717647058823 123.7572688235294 124.12855499999999 124.50103499999999 124.88583904761904 125.23378857142859 125.58295842857143 125.949871 126.31565900000001 126.68144699999999 127.047235 127.40731129032257 127.69220816666666 127.9520015 128.21179483333333 128.47158816666666 128.7313815 128.99693293478262 129.26719554347824 129.5133853125 129.65860805555556 129.71758527777777
115.35958333333332 115.50488266666667 115.76196433333332 116.06578988888887 116.36961544444443 116.64114999999998 116.90909666666667 117.17704333333333 117.44498999999999 117.71293666666668 117.98088333333334 118.25039506451614 118.52042848387099 118.7904619032258 119.10295296296296 119.5598 120.01664703703705 120.47349407407408 120.9303411111111 121.33296647058825 121.70305882352942 122.074345 122.44682500000002 122.81930500000001 123.19178500000001 123.564265 123.97362892857144 124.37072761904761 124.71867714285713 125.07516899999999 125.44226900000001 125.80805699999999 126.173845 126.53963299999998 126.88447806451612 127.16220249999998 127.42199583333334 127.68178916666666 127.9415825 128.20399315217392 128.47425576086957 128.7445183695652 129.0147809782609 129.24492218749998 129.4188934375
114.69535866666666 114.840658 115.013735 115.31756055555556 115.62138611111111 115.92521166666667 116.22903722222222 116.51492333333334 116.78287 117.05081666666668 117.31876333333334 117.58693358064518 117.856967 118.12700041935484 118.5074237037037 118.96427074074076 119.42111777777778 119.87796481481482 120.32199166666668 120.765095 121.137575 121.510055 121.88253499999999 122.25501500000001 122.627495 123.01226964285715 123.4585175 123.8556161904762 124.20356571428572 124.56737957142857 124.934667 125.300455 125.666243 126.03012709677418 126.36164483870968 126.63219683333334 126.89199016666666 127.15178350000001 127.41157683333334 127.68131597826087 127.95157858695651 128.22184119565216 128.49210380434783 128.76236641304348 128.9764590625
