hw/01/tin_tas.asc
NCOLS 184
NROWS 101
XLLCENTER 505061.47
YLLCENTER 5258336.13
CELLSIZE 100
NODATA_VALUE -9999
[rows 80 to 99 of 101, columns 90 to 134 of 184]
171.18723365780707 196.38896130279093 213.26126716943304 223.61799508307382 233.69770866984987 239.25268235107725 261.73068495587023 283.08608615638923 303.10639641530895 355.3272710126827 393.744585737337 450.24104346529856 485.66558298038706 561.934869321935 595.2873300699509 615.2006201177388 592.1943389411631 567.0457329552746 551.3251397821365 509.96787941488384 482.3614215478555 470.5779027474026 460.41440329286064 482.8428498426225 471.57230205642674 446.4162789616923 436.2643652123324 422.32464001709644 424.7410392644615 403.7750948937309 390.0807190359319 381.6214404657665 393.0333033241688 388.6234307778057 361.67457532178656 347.2411207835669 316.3786955871203 306.0697488760613 302.5800376061001 313.014867764581 311.8301924100926 314.58089669344446 295.8778676361537 280.52194838419115 252.19007769275743
160.05048117407233 180.9858555969608 210.57958108117512 217.29166201539724 222.42225190688927 227.93606094412277 233.1305111472367 261.4961595742183 314.4764286742718 339.6452091383102 384.63862019835904 436.1432998562474 500.06740976572115 563.5470672134237 570.3277563878264 580.0117803280945 570.7834650758546 551.4578313916003 513.0575842046545 494.320950538802 461.20969867779826 453.0025968552295 464.49205143096236 472.93282236568814 470.9478061556899 430.8281876193714 399.3610090504722 403.469398626376 401.3426668808891 392.26312686875957 370.6596766496283 351.42495895305683 367.7707926719857 360.1857600094257 360.31571353930775 342.7100631650747 330.9088544341166 318.64942733255 299.2219636269127 287.4222929262278 290.9297608823544 294.32658170979965 276.2685416964403 251.91929973502405 222.41616791833897
146.7639528705227 167.83746306421415 188.4285314787926 192.6252561308114 210.00765330682657 217.5167839995212 230.01305948274612 265.4783376086365 297.0542434415891 335.00859045304895 365.3024342622519 415.6906230020306 471.07197204115624 510.6396796535131 516.7343682262218 521.1411960125635 525.955183015456 514.6180724786656 490.188139196067 469.51484419744463 445.1022396755094 434.1305180415199 456.29396486818945 469.2033871263951 456.76396783670185 415.28795222786016 391.6393540101907 367.43733972065036 369.73788716675307 371.86827569395786 372.0853966710926 346.6445652097122 328.3199252628437 336.74122026449766 341.5381953371149 342.97663408706734 332.33868578947863 319.15785331899485 294.26728353196415 288.4657043763119 290.1766363622465 263.20176323837205 259.058315902336 227.17794981204779 207.31874790771258
142.87488642695956 151.29435591385493 163.88224040077048 181.03324945135574 206.22297705125968 212.94744648316222 228.6950503725993 276.50596396169476 289.21693242449817 338.22032839730156 361.70425321103966 408.3865074980378 454.25299488159334 488.4068704309084 517.6528501306802 520.464413326193 510.0701521564931 478.0214528736974 461.7663862228376 441.7389598927749 431.56908397093054 427.9924211392159 446.7410471631563 458.9960170191388 441.31782937846594 417.2413292589333 399.42468005770775 361.83920633884554 368.96540910013556 369.37178906336294 361.46928213849696 342.2063705671337 322.51385379151657 317.3564897883575 325.87382890948527 330.54828669813594 318.2251107278176 304.23968970512544 294.9058480070122 287.84619454712134 266.84854544829886 253.16707265978906 240.25986432197737 217.0662991264435 198.45184875385758
131.60493168106217 140.61614871372626 151.28563896854413 168.19736888667276 202.56015203940208 209.08219396138307 240.06437030814442 261.72293233369226 306.02038903120047 346.6211683031559 373.97800764530115 421.99359075850555 469.0479278385005 483.22857290883934 518.7741414826762 492.0689236520025 478.86483005131953 467.9316910493173 449.38689665919753 424.2361129528517 424.87549960055344 429.53713181434614 436.5650098169951 444.51385508413847 444.4867409693979 411.8114364150646 375.8317092014149 358.35428151176006 359.4293601638666 362.061067587926 361.9271599840997 352.9684186280475 327.60856331025497 314.49642681291965 298.2445713242066 305.30471296172806 311.08720785998975 302.9752256763414 296.181272452221 282.35273324481483 251.57813158806738 238.25772840170168 218.05772753196288 190.04880452604235 185.28931735737743
155.9873041641065 132.87881496944928 147.19021077254118 168.37945550457843 199.12378728849524 207.97055078481355 229.86525955808477 258.780954595736 299.3614706500714 346.1316359933532 373.7967926509401 388.9496955873999 472.7015394471957 487.2676654273138 499.4470973480784 475.8943214219153 459.4542503155724 450.0975792494135 425.7829769625746 412.7510435728594 419.9140941752306 423.7807465489238 425.31257741054014 431.20065777065156 423.2117551136187 402.9129564777093 379.73957160533234 357.63062306398433 343.8498836839253 342.2517453056259 343.7578752867177 329.9527673597512 323.9524945238837 311.87458454292215 301.6743383482931 297.6302569131005 298.96728999591124 297.04249345693097 289.59603593741826 284.8036262831734 273.11001875900354 256.2042515980513 211.87112761436808 165.19071321580634 175.2389862868756
182.76060684417538 157.19338313870225 150.49564933165806 171.83344051450635 196.11365295871693 211.03266955542477 236.12366122568014 256.41089955463525 270.97535813244735 338.6483300711601 362.2061632554586 408.1351434610026 465.59937003960925 468.7388210717715 468.0009597280678 451.55058537006556 447.19130224256406 421.9412153308984 406.58676622420245 404.4856191059682 406.7472812037324 411.40944864224406 423.717444283834 429.1071836405286 423.16241762485936 392.6799964566954 377.7268205846484 357.2189839266679 331.1414301221523 326.8247665133622 322.42100387583815 316.6675452486071 302.83033103779013 304.634364210249 299.89703771447745 295.4310354590472 283.4741519624756 282.4685132928974 284.70027422233113 261.1584253436239 242.2098275521516 223.05511866489383 206.69143857214598 177.38737139911322 142.66538129130464
192.25895868954214 168.64221487789715 166.83621135210558 181.44013198305356 196.64291442793535 207.75869782086303 216.6149092059549 237.34091529085782 264.962620890827 341.1184986614235 363.7466923324589 413.50677591021 442.45499597206305 438.2258630796677 436.01449888164075 423.6596729253275 412.31895378071613 396.24035765308133 394.4219168625469 396.304844366728 400.930962088209 414.62648920939426 423.34646970252356 430.81212409581997 413.6160637776422 385.922848965545 365.72508064545036 332.75469495855225 325.2085317855597 308.6979572934084 287.8203046695724 293.65670573894846 296.49604277815047 296.657025285664 295.7866036848331 294.50444657000776 259.1833722068042 258.9914342440281 270.7533585008334 247.36133612086908 217.05609426810486 214.10264014960228 183.34215119782363 147.81740959841446 138.09087560350184
249.66525906355545 190.99874452905144 187.18821220708244 182.09445467164073 189.62594386157716 205.60204495282912 204.53286933958137 229.43286462489985 264.96426570223247 303.1204048110636 370.7359605271568 403.22677055468455 429.76862223903026 431.4205081872957 406.2718470695775 397.87531337420893 354.38395803424095 362.44299373734793 385.2006806103959 389.93845695046906 397.6755813900308 408.1790530881772 424.7383398119501 424.1369825934445 411.87411260177834 383.77099571247095 359.26173882478065 335.904956877093 300.5763106202625 285.9029410837566 276.83604911196477 262.08408048354175 292.75738183899546 290.63532695423845 290.6747844812507 273.75221919610914 249.79634912135847 237.60697943027273 231.98749345473692 191.30023877187017 181.140485947382 180.33119725892433 184.42560981951067 153.35965688224465 143.06375965487564
272.33802732681283 270.422420330107 213.93418151321828 177.12264839701604 166.95914519711476 184.10036620727473 185.0696678526549 232.69468007906968 268.03365422561507 310.724655512352 362.46930864659674 403.1223225977583 425.6740401142688 390.16311694890766 383.3320902185401 352.2846163280489 323.9218354569875 361.315935097717 368.98396686144224 387.19871028478076 396.07030197115984 406.41182023204874 417.23949549162745 411.0906211068079 396.3275808972243 376.28218689935403 355.3138051656282 333.5648081965719 316.7127348672299 282.4639020155366 263.3470426226084 243.92013458530576 259.2191977367935 261.35883265170395 267.77753037583363 244.32681842671542 220.5409058374291 209.9866856919906 193.31297128529542 165.86822274799485 165.52093619329492 148.567075880731 144.28228267578163 138.77676230556975 152.181592818698
334.4348348534814 295.49321759335146 250.56625660131306 185.19703665175933 162.1162029541985 159.3581826354534 195.12232759960244 245.52491031473912 281.74193661505916 320.7644842175486 374.5851211556892 395.8273269704286 399.39534474154846 357.68170448377856 331.42067963887996 306.23314643175024 315.0623977083711 346.2601574834357 368.35526601572894 380.4076966355863 391.3937939975928 400.8039475636638 406.11976891777067 400.3273635632884 391.4698574538004 373.4218340901112 359.3917837367434 326.16353151168227 315.50761325761334 297.28885111608247 263.59653398475194 223.51610109355195 225.01910377164683 239.2077615174301 230.57344904032865 224.59413028247963 209.38162060555874 190.5455907108563 169.98480378219074 161.46935896197851 156.55955252842594 144.60758435257716 142.6694370345958 152.33760419215758 170.06567751808876
374.75907004668863 319.9644128811343 258.97628528350685 237.42900913181035 193.57531236785255 167.19569938786896 186.27358534182977 241.061181380443 288.5177786387685 336.7855814040508 383.05221273650494 355.265994250245 353.29405684744717 316.0289741207239 284.5557981709239 284.2818029677995 321.2080728073037 349.8133790164194 361.45077858347366 367.8751839765539 382.95011511260554 395.8730547033181 399.54416008407577 399.73346411094434 392.14314201676115 371.4126190795534 358.33534067214015 329.86709842353025 319.4834094214852 294.23029047872825 280.71470409667967 242.90291776458156 209.60076689668327 211.76171264272537 216.16323560545644 208.61655884511583 202.75707895286035 185.41936173193193 166.52104104672938 155.68715375136546 157.69725032116088 159.98138358772357 160.53416770420824 172.87959608926425 203.48819695012568
409.88575562272695 342.2475764461024 322.8621634137457 246.60227880233242 210.33124804710843 171.03391506194004 185.95969556340867 235.56206538677486 282.9408696710695 317.170983207873 328.68543923293214 320.380319370361 315.88600774609404 275.67831774664455 284.39348806891854 295.2358521116152 315.76393788095885 325.5867288213486 349.28675266695706 368.970786258533 384.9991336342524 395.08586271027747 392.4086356160111 392.19433188706176 376.9664661105575 370.62082954647934 362.7145773533177 342.65575528560794 317.14346723496425 303.47219810271986 251.3549275681643 244.30034274168648 213.079924849253 205.1387161681149 199.63704077348618 197.52427751614275 200.96357849855917 182.62689322578967 171.01704424820278 172.31140526803858 176.207643125742 187.51849620106512 192.59824708417017 218.94951604409368 209.82440491743765
419.8384199350021 372.7307637459784 357.9732579698753 314.0304986379048 244.53466743502156 194.45514992342044 194.39383603048634 212.90002361299025 245.23264440852677 272.5344013113566 277.5551416656505 272.421929192238 296.52954940405124 292.62455878492773 295.0637553705131 300.6320253993308 314.7388204083826 328.067215990768 340.6900764057738 356.2861900633587 380.3352141327049 397.31933214926414 394.69927451329437 389.90046880966725 375.4046287758051 363.80753552174315 351.95165691605655 348.13383945905906 316.55974817052027 307.4668718614812 256.9937048336782 239.76490169340752 215.52101601623946 228.80760124327244 218.64755066616755 224.4410500090463 236.22091088804123 229.23011365368683 210.57033702490688 197.24830464869558 185.43590507565213 220.59771950610823 214.97001471855845 237.9734527994054 243.5669694956132
455.4615675944778 443.496618409809 374.48327666738203 337.7312491983543 272.1012315122403 209.52687663180316 183.67638349156158 182.17408628172473 223.7183035812334 237.23230766294134 241.65274401240316 244.7087195400915 286.77546339649007 292.3712912463761 301.492750511249 312.25671332310696 320.65360104132395 336.4224550749621 344.13787983139 361.8115242235084 376.71007360589414 384.83842378763904 387.38762991640726 393.4751802334025 376.57307061453855 366.67897527931234 354.76408194452597 341.98712745393414 323.63570723929433 291.5537077842926 259.9143987191959 234.44576497902898 238.6820140062262 243.5141047030442 248.57912475880653 256.562688444622 267.31178936150525 235.17555420267297 213.00853951614653 214.3653377380958 202.57801454619008 242.83677254900857 260.4793518709782 282.8059093784808 288.28440771484605
488.5299773618114 454.9970445173024 427.779645699915 377.14651603615823 328.17983364137024 236.55661639344927 222.64471183446526 211.25728926535942 206.86969711279986 200.07852874255843 215.01571474185405 238.0890090516165 272.50745392461425 288.93641328788203 306.9827866850922 322.8497845217158 329.23523960507373 332.22940463878444 343.16866581721285 357.5535536598655 363.4439552212175 373.25891177940395 384.0242196325671 389.8996680441697 384.1544661649041 362.7685066631896 354.88249955554744 335.1127282564032 329.72682184217507 300.6266088431541 266.107085061401 245.94302601898184 245.91934035596134 277.9588805926355 280.70687078597734 293.3277783169373 263.1840529366011 221.86698342415474 219.17693353420327 226.8713275282208 236.52392711329557 253.08291159635763 277.4001004558195 292.14787561336897 309.5491077624778
535.636762899553 495.02327163554884 483.04862533639044 402.86066249034343 345.9103999951547 297.8932675795047 274.40289103811983 242.7561451413986 214.7864352408145 196.4456856836037 194.65247061165473 222.4500950575212 260.44167602344794 271.77962568206357 302.3271518229068 321.5578795618784 323.96072725897744 329.27658796369207 341.9708404295055 345.34734727431066 360.97332840870547 373.26983833423265 380.92369018072617 386.146636360382 390.2993593382364 375.2259513839628 363.33384327945606 352.1929261486203 331.2724795937187 296.971152248381 281.5900073079345 260.7992326190094 270.6144478854255 295.2154353015941 294.4818812114032 273.85334169923647 246.59554581279903 230.70117265508162 246.45219114339795 259.8701501383082 258.85189715791347 278.3257555955422 287.7311949020488 319.6920105147438 355.6557345814133
529.9391912926624 524.3321145181263 511.7381324586629 450.24800290791615 404.3002634663931 373.97162615154264 321.4165465261681 268.4605032932336 238.80122541274562 217.08970208980506 205.66903084472244 208.60416412840118 231.85828500106612 272.8220346966682 297.0473894580092 324.1648688018104 325.01200318876704 342.77409287145775 340.37186037048036 355.6736931595628 362.7264357032252 380.3449316299609 385.16193406933485 388.5381652626356 385.88099362791723 369.95518100632165 363.62719847345267 337.46334330135886 333.0138840206429 313.4972361521956 282.44446151930504 263.32176793384497 296.0254706943455 308.520308829781 302.3758021117326 281.1558471235267 244.85720883486675 265.4223126478128 244.143125962401 257.2710921278213 281.6333614818957 292.3214899913762 313.46118504257754 331.84992453017895 388.4985127120539
526.729745383072 503.3261906309065 474.1073866290868 451.5466894718381 403.6944593564881 354.87581602402554 296.803068361313 261.5258518119255 244.43256846633437 234.60528711957772 230.1414479337893 224.50654329541388 254.65279550740001 285.1193878526763 297.35459790203555 322.3242443184229 342.9668805784811 364.59100174703434 367.6398475714268 365.6770461489507 383.77193176871856 384.4876725688083 388.1702579609117 393.768387153673 385.10459189567865 371.10379240533655 350.07860714890404 338.50175732821083 329.500303152521 311.6460668972749 294.88661602111563 287.7432242344177 309.62583869292166 333.608852709293 299.76846798713336 266.50904229816973 250.70200180776857 290.398358273829 291.38306507550806 306.71885231018086 298.4028584459164 313.90037508119855 337.84470603519213 403.22001588217165 411.5743820102432
507.6280714714891 484.0015442574215 458.0164618754359 411.73565484023595 376.16858484006656 337.3876933536856 285.72856132278366 250.45615958291592 245.51477050460494 241.735613921364 233.66690404731725 238.68070165628004 253.5383650694163 290.66389927726055 309.7286104068465 327.9415410836731 342.63451720112266 355.8103064499539 357.8745998609068 373.308508478547 377.01865317565375 390.43303284818757 391.9379551166665 392.25247410695806 385.60667926202353 369.55849432667435 353.41061655096485 344.4967849569577 339.80156723203385 310.3411185695759 290.8344872385616 309.68751266985043 331.1406899845074 328.3440653391833 301.43820350686934 278.9055174679269 279.6120985662669 302.39041462222394 323.0368549501448 335.4546730466854 362.7913502177372 400.64975644278513 417.7107361551324 424.38898591427596 436.47017476867
