hw/01/tin_tas.asc
NCOLS 184
NROWS 101
XLLCENTER 505061.47
YLLCENTER 5258336.13
CELLSIZE 100
NODATA_VALUE -9999
[rows 60 to 79 of 101, columns 0 to 44 of 184]
38.83526735962668 28.790652716613547 36.155400199150314 40.100871153576705 55.997559618010406 59.70058444748568 73.93313454454581 85.60090347953519 82.77508172899533 95.29809499329225 124.82488403018782 150.92754286173218 156.3099205411738 156.55997463201143 152.07095806484708 139.07272396779888 114.80714575325726 110.98650726171667 97.06179893037962 69.72822968396594 83.17047757171497 91.93045274302368 95.85660984477555 110.96050957722181 114.92220198270509 120.92528326971735 116.54628152031921 115.50256858655257 111.37711377020742 87.92266466467655 66.08426448726745 67.7208011701738 71.08095181642351 79.72464702360557 103.18827169946545 89.21478567454761 81.09283012401414 86.28329783673841 99.57899843414212 121.75444268389808 164.3174100231457 183.4995735311632 196.0758109074875 180.16706673730155 140.7693680418574
38.49912569103748 30.350263343442766 43.92001231860955 45.35025960715847 64.13905836381058 72.42959966462841 92.20795437988093 89.94151532364427 111.77106643029877 118.2840398268406 127.70623515909061 158.36871349608163 183.69741795601198 171.12088956672432 162.2835614100944 155.5734675289769 133.41389751996138 122.09755294462774 100.73442919730626 77.42307510618875 87.45503410014707 97.26567240228542 112.52572610025318 115.74733146359316 124.10519471103049 137.4239888361779 125.31445137570644 118.18088156839607 114.99548369180916 93.76845778500106 71.7085676867273 64.66619355894805 76.6621579143961 93.45357571675437 104.3631292032567 114.87424602338805 100.7415773436437 92.64451746960603 100.75159710999476 128.07116408202305 169.75816295001144 194.71517569851068 201.52525459290362 195.90902655062834 152.89880782240064
38.13029609787286 37.85499059827964 48.938831528023734 53.908359719892935 64.81059310898486 82.44003142853482 96.64157402553414 114.53630365520581 122.5317200691202 130.02282342660519 135.94411917230062 162.46546826984172 197.5423960065448 193.75393844612873 203.32958832684395 187.3330533215463 158.5293423749375 123.01206012342047 102.89453038938747 82.38055347336113 90.5250783674492 99.09536434150066 120.8254903105266 135.80043747281886 140.14606139028243 165.0492451145792 167.32718670671392 149.40874190725765 129.38241757441344 121.82770839562853 78.53073350307331 74.0976603177361 84.26323736261624 93.55974491001326 119.23301169975015 117.52174796232336 109.687949533359 91.13231448247976 116.73262618720379 135.3700490759481 192.29325956427218 215.61229295934515 206.94490454361338 192.71854431572402 146.19894414515664
34.11358965177569 41.47386855587427 50.29186272560322 58.10107672241492 71.88389226625299 85.47547817871184 99.52212133889553 120.71920598627226 133.5380814854319 154.01978787223334 170.8922580405365 180.20748837961483 209.22806379534498 240.90243349747936 226.94777239401077 207.16610946995584 168.95241785041188 121.01756979616017 108.06699704825861 85.599940305103 101.58987044701652 121.63304305525129 127.99100889489334 147.61529297200275 171.52116240719806 187.1510179975751 184.28430045111105 159.5983186331537 150.0711307078626 120.87169207996234 97.02542754215102 84.47283165890083 86.19843904484614 98.04977387192648 120.94864077232694 124.75779423608509 115.08749163034452 88.04287274969333 103.33142957290379 156.9638729818039 175.93585364120625 202.18667215780286 197.5416473442799 181.49660980166877 149.36591615738092
36.09713626965738 46.28881625746268 53.00752046228839 61.39492773414136 65.43380953441223 83.99788352069999 96.64093248216895 101.4357945011517 127.64024088350905 147.52271589589392 176.8034055820369 182.95491092677264 193.21196374777716 236.05290285356114 226.59457783046486 191.47048825519587 157.08082960489796 139.77241600725924 106.78838758867622 91.78763981946382 108.5083745414146 126.94330280460487 150.41804013227045 159.79807956371909 174.98309563681946 190.34527150022163 186.1002429406751 159.046068176379 151.72210765364906 137.72069133663248 111.74773029983898 96.88535474520059 92.73438032460676 105.78178338885442 120.26124564080396 127.47387871229427 111.07206850321879 83.98963937800671 102.27871404239608 123.58548980927856 145.68485825039852 159.19524855929194 191.57047543906046 184.37103212170194 136.64432562567825
45.010476309470704 45.47636531702252 54.72269733263688 71.5155654542133 75.93103951587574 82.58909294694594 93.9772888242111 102.0972471263159 108.58436056645628 122.37389982614796 140.84002723373231 169.05222331745136 192.2465786373472 219.3649452880153 216.52148525829807 195.29699672510128 165.1866205576671 134.3460547163177 121.19602711185527 101.57892735276752 110.42828283033157 128.94291327707577 154.75527086444552 168.48444937955443 179.40423854307593 188.31966045980093 187.88778246023057 168.79586542876723 150.85789849694876 141.14394251545122 118.01492206788936 101.87254389444551 108.14125710568851 113.82801808292486 125.0054852197315 121.99775009563716 122.86737400058067 104.56289122644384 102.25031025672382 106.90752054301517 124.11994844058886 164.1661658215307 159.8508784929168 161.44112359090974 118.77935459650509
54.596734750376584 57.821553291455004 59.83657397653666 73.7048949933037 82.22378779902519 84.19630716306638 93.1925689694504 97.30418222334332 105.34893698700067 110.35219869600095 120.57181375660566 140.45843059575452 168.1876796879715 200.41100635000146 215.58300485574748 199.90794207953542 181.99505172462733 149.72761677643575 124.48523842531213 107.1304963515339 106.7621716675483 127.81725971617345 143.4393886524983 164.50675467804209 179.78072948812618 184.5047321450107 185.78789193763456 176.93800354024742 149.47221040915304 128.7933358174512 121.1733246542218 116.50149708764967 105.77843633357183 110.71076797034307 125.18116754863533 135.11233222831945 138.77528136124977 118.50397355863826 103.80013556570694 117.24190087817747 119.94002464341561 132.64411119945842 145.88614265806942 143.0434880893216 117.32651487006298
60.35445018549911 61.9902504539219 66.20040794902607 75.21022743749083 82.22195648401015 87.87373846981075 89.75294219727247 99.85044475143442 109.13761286661023 111.39287093118978 125.28377725177232 135.4562624206707 166.51147584226737 198.11637966647243 208.8767776372348 207.41732939993818 193.33746024643884 154.34309631150717 130.71778822172558 113.19690973567084 112.24705382404703 130.31165188954347 156.20932816918074 163.36655864384306 181.4229182267747 205.6937364765227 207.53372900577727 192.77324923201593 165.07954019231292 131.9509970857492 106.76517472037368 112.03293942007751 108.32578623080494 115.68628499350886 123.45585131877665 147.5102032371018 160.28353498024265 148.9481227017452 132.58337440895826 124.89340026828694 138.0504488417033 149.09227689556087 145.74995409125572 132.88125921212566 102.38635449490504
64.9447007760216 71.57489768371501 83.31094257486163 80.94946505003213 74.32839468620422 85.5583213167569 86.67531854512802 116.83747996977944 133.62833633132126 133.55541487182282 142.34027784383446 150.89878397508127 162.71557551866914 194.64452746942985 199.66186231043656 219.84900212794008 199.4255812595835 174.29044466229197 139.02673484947152 121.55557076511718 120.77293391828047 133.13146000066064 164.3446268149306 182.31910273421227 193.87957839592536 237.29834169356775 228.1857024108432 206.27412967335223 172.63190746239738 137.93242057822619 120.67193186012932 126.46152161340882 120.18089927615145 123.33871537748963 132.52192801261472 153.0048236428259 164.8427547999206 168.31168906549743 159.37309451977097 164.79154988692122 168.602208098038 175.47338875777496 146.16480307960927 133.8136283172467 81.73440181895957
73.9941446022369 80.70917678779952 87.24711577846915 100.06879678380238 100.11250770131564 88.53054836384257 100.80317225034212 117.83053809558314 135.0243713872352 152.92535530959762 161.56515650259848 163.3083665384997 188.87794582098263 207.58236045214298 222.59836589191235 221.6438432537793 211.1336914354958 189.88146107360774 163.03177646300384 138.06387202353943 136.61431938661707 151.89188115887282 164.96290995336136 184.88651904967298 214.1006126867363 254.1696098798756 250.16146367141303 228.67335438563498 188.03048697167176 155.79382792553153 150.17502325820809 141.46143946485205 131.77697572780772 137.63448480639073 144.3414973266749 172.88852063495665 185.043522144355 201.16990019683678 185.9497124475154 188.70995846538187 195.4459152576106 187.79999500528936 133.64516858383286 101.44410257807388 85.14866381092934
77.5781451381746 92.11853352629079 101.80074168316084 122.6621144996982 115.50218021294124 113.76106290204436 113.77866419822863 145.39369999045977 153.66197472780235 165.40461839752226 166.45980092074416 171.24991831970817 203.65002084937078 243.47224641528712 241.45540979011915 241.1847402114753 206.888465959379 195.16452262229907 186.30956676485465 153.22839795786822 135.7235368131409 157.1289137352995 169.916388034679 189.93532386443326 255.22215039998252 268.64846541744726 265.678423475706 251.35813299759266 184.7118018283223 146.90772925176776 153.99498334833808 166.56357248569506 159.1592084323286 153.77815753272992 160.53791093963846 175.49717825353892 203.32703344792668 213.87957431167314 214.8618934377644 209.98978229336396 198.6408241716431 178.48244543835676 121.32305691055856 97.6136800418645 90.09478942346618
76.96208257654995 91.73801246248925 122.48511325869195 133.10301403188396 146.78534766790673 143.67864159850814 142.93131999083437 150.2446676393178 167.13536312003046 169.02095208307352 173.40973277104865 181.18788359210788 205.29154264181395 216.82427097584852 240.2382275755772 248.32117834142292 247.48857028124155 246.21496543897217 205.7877739259581 181.44290933602716 159.43833948957865 162.30827296130488 208.86781114014835 240.81610301899167 264.62419897119287 280.05966354093937 277.287386001253 267.51234853339497 228.19777665923897 191.0672267309081 179.65107940090508 176.79124632120707 170.37019838774648 186.33552641612533 181.88474798061011 207.19216210254368 234.45093872317761 236.89211582037424 221.0821721322987 211.47213272657322 188.771259809909 157.72826236184915 91.82965978306882 89.57134232068435 89.16669433150021
76.53741438758082 94.50749398927628 116.35823804049474 135.5035568562491 154.06795282730855 166.07525919743162 170.92341956662375 167.919941645277 167.79446569450624 172.094411854595 174.89832603850317 176.2009515673537 181.85481560172462 193.88036122294716 228.26790511605395 254.5453332966678 263.71209770129354 284.69315377778577 232.47509994133821 200.09622361214585 186.93612874533767 167.39404583958876 185.6471385787877 245.19428903913624 269.8066001385343 299.14883757970955 283.67019428314546 248.61676552352387 234.69459639093196 216.60642457383645 196.15717089766864 197.63711366021298 211.85391205522205 205.4335687491407 202.27017576784746 212.7798024095079 239.5969213436727 234.66082351655012 215.70897364836344 205.64257641059646 180.13263993299663 115.72053251730101 79.63702421611994 83.09761924005255 89.49851425079689
79.60107956421437 96.03324307054784 113.63668557345292 147.17107056034206 182.30179130698633 198.33075988956148 197.90085070229276 200.68390165452442 204.27434756279652 206.34957867789845 187.06074052842757 183.710196885229 184.7698616459821 207.24293618762746 228.10258033367987 251.70020931258566 287.46844538216493 297.88042919502493 282.1661794351343 229.01876259479306 194.82854803587654 195.1091729016909 227.27565331164786 248.74144718652138 286.9672991778666 303.49353593569606 302.48123230671337 271.4497298882427 249.0221484615908 235.77923264327907 238.14604372807483 232.03655155943747 221.12775708610872 218.9636871281213 216.33239661513338 217.89581864144378 239.3965627142416 232.97947001511702 204.9715833891055 182.40425889482526 158.36776334408898 104.38345007408115 79.46377447793684 80.65516183721408 82.51986589649192
83.03129776015768 104.39524400534657 123.06491507202314 159.78735302213255 181.39857012517123 208.97757475532944 217.7304579354802 221.28535214845283 219.68248612899848 227.59060910008685 223.6180462171644 208.53394739221648 212.53553233161927 220.42542494968484 250.86593570864537 252.39789477143404 280.17759868767513 280.619802498648 270.8367982394033 256.7654337825619 236.7018272672141 218.3987612377069 258.662953836388 270.7620254319161 283.94086913703995 303.6053631082317 309.2472158885821 285.66317048619726 253.34124068313199 246.20724358294513 251.38651518912528 253.30814858707467 248.00697877679303 241.33627467085216 233.821740981807 232.3488279654805 235.00327555521426 219.8155470903939 197.43464923726853 165.43546814792873 143.16892985876265 113.17537762143498 78.19124273113195 72.73644219987466 77.9144636706675
95.36447547907439 106.07958437864345 136.77291374208068 186.4199281602253 205.90636451646654 232.70493646142444 236.47026911522255 247.9903454160394 246.399460608159 246.39889558718352 246.03862653884678 247.17057918212734 220.98652568208982 232.62351928664575 249.75003887827876 252.80792018034066 256.69012416600873 266.5090515592053 241.35976920757435 236.67658384467245 242.19870262370517 264.2107618189371 290.46395186282217 301.0271392351713 303.66081633235893 309.94908488605 307.72044650887455 275.06249555200543 256.24979589869815 277.6068400392465 277.9374878889922 272.68264675114943 266.9880504385508 273.65455559816917 265.38567482309327 249.91403171892074 233.68713404796304 208.7717015255866 168.68973716767113 157.02849048758543 137.558300123772 78.99180295801699 67.2657502299976 66.67840402816024 88.64849599067125
100.68618242223508 129.59011723602208 141.00624991259494 195.4496056471981 226.28842583806022 245.81993729112983 257.12270020068115 255.4727055797007 260.1181674613221 259.32720216112693 254.05382853595432 249.95686329310814 247.0486128416763 243.54685092829232 243.73577834265237 245.51913332312196 246.8862988581657 244.75149788995134 237.84170521398204 243.91983464352884 254.47087013673473 281.0859561674843 303.50670087202263 313.6192239981199 327.1358362214753 317.4838708324031 305.9003803488022 272.80857445717345 278.1858806062721 306.1314900582509 305.71420740717264 301.63887906857536 290.9845047950523 289.07051568158136 276.0726972651124 259.2543734108594 250.7643789246806 200.78179178958035 167.16019580237884 121.28841033070822 98.7138677982277 82.15072307159988 69.738135174946 83.80729273572076 101.10242165233532
101.8425033947361 152.57919365055926 160.62484605098382 204.52565743443748 248.40801890600454 260.7002255701737 255.09402782863958 243.04762992367154 248.21540611287335 245.4138484773445 237.4955649743174 249.65617456751855 246.90570874188856 241.95619428319523 238.08719316058387 239.88841839918643 240.76435840498766 232.85543398100322 235.49881234594045 259.3908096813036 270.79939858684367 284.4351065869373 309.1173856809505 329.3552144347018 340.26761336695523 333.3896899816886 306.4426336095354 293.5204450832132 299.48770597392894 330.931999179681 323.1055924486207 316.3071076861445 309.89342060540275 319.3453575403086 326.1829946930975 290.6175858752947 258.7684342486664 201.03290933602077 160.2186381776172 149.382916368696 134.62225848337755 114.4476452367498 78.34177268473806 82.13767201466675 108.12599551644455
111.34093261839136 166.2372098977067 185.6797052122786 228.02684100354614 241.2003737307047 238.35627012847735 223.54965124031534 210.9698775311694 212.25114374463215 207.21282360864976 223.1519976043098 230.25443151285592 245.35309737558399 241.10393500659356 241.05609288730392 234.88225943354226 239.76597136187115 239.30554135976737 243.63494169947737 266.84928033091626 280.7521665403388 299.28316057939236 313.6791010701097 329.9810272100778 346.12344364380795 339.49143004964736 331.4217573070252 322.47765733671173 321.3412841718475 326.9141625142072 332.9542866648506 322.29367394291575 322.8004535965813 332.19313884335986 332.92882166752025 300.66193654696957 264.7461843428778 206.27924664838466 185.61826853015836 151.53391735305112 105.57004508576287 88.58887541029947 78.77817950616382 98.99647940058905 123.57449983476323
118.81072497853756 151.57045242405698 184.46145149618462 194.5790410138171 228.24618081798806 228.8836507208109 219.16035128116715 202.54813539359003 184.40411507980693 207.9459998101725 212.34961678679488 228.5904592007481 242.3863615603441 240.36059367898193 256.64104990808454 252.18076841224268 243.418595276967 251.17615006298507 253.21489770447306 263.9932057397684 279.5105270216254 296.4597718482252 314.2003356496393 326.62932236008635 342.6514690135185 347.6379836292742 340.81448210331035 333.393533722774 326.9000175266447 326.9707075712145 332.12921673379066 330.2135758325867 319.4773691201206 335.153529231146 340.89108181562216 312.7074910149234 254.37694221683103 213.76675855265253 161.25610690604825 141.97883631330618 112.82694474957438 101.78502365180216 101.03599520212617 131.6992033818668 136.68070803654444
