hw/01/tin_tas.asc
NCOLS 184
NROWS 101
XLLCENTER 505061.47
YLLCENTER 5258336.13
CELLSIZE 100
NODATA_VALUE -9999
[rows 20 to 39 of 101, columns 45 to 89 of 184]
217.37254523235592 173.65208072270005 186.5332689199451 208.5594258943007 273.7334380811708 260.12052117771447 248.6576155600772 209.94882263984337 199.77366475933488 168.00286753032148 136.1349499941134 121.42170428787406 116.73172104097932 106.280846417602 82.48435783904884 78.96570545522746 64.00038437609967 69.40905914491061 63.13869012052478 59.760236228537664 45.74483509768279 30.276993956634335 18.21326565172544 8.754451435217819 8.133774608103886 6.208433427785422 6.88365962148382 0.0 0.6185350396405715 2.081149833170049 3.0697347318385755 2.6023636110024255 2.1011357365418744 3.19986548772792 3.3551626329200337 5.255728780544167 11.005018102120854 16.84007620264632 24.88000129496295 43.1703715690344 50.800451716276704 63.56405501866993 90.4313453156714 96.21400309570606 110.24025807187472
230.1041153161922 178.54257699040383 180.80235979809655 204.7061033650527 244.92391208468777 255.32871134698445 231.66810646821034 193.2256868391414 180.0498939855355 133.74337725659652 128.49808491504177 121.00127522575184 97.20699164152839 89.17242439127183 77.94340016690296 63.774739926468776 52.957670496304054 46.8967027570558 54.63364681929379 41.171862289756056 33.343357591265345 20.284953338682797 4.845466548986158 2.255072144867015 1.460529182051298 0.9428943898367765 0.4580295949867714 1.5936876601856573 3.0884512102499593 3.4311514954216347 3.7752849286289716 3.830862242696616 4.532312170938255 9.265532807639051 11.51063268715532 19.28414481816632 26.135831306168036 38.9985748231511 42.26508698815802 51.05931364415545 74.04342889773439 94.9429855694781 117.33694168724696 119.84582067504239 136.50952490011713
222.52142042098856 169.71248612774434 162.2288810510666 176.275468213959 179.67470347631973 205.5246274816196 206.68447423340095 181.67053781893043 142.74533913041805 133.65344380760075 123.5994725830654 108.67328584827253 89.58982352089978 63.84599750142465 57.59569511334408 54.78876243358225 50.462303295854795 35.23812938001358 46.34586376060884 42.82371746281327 25.997697951250778 3.7406772969196918 2.106144132027651 1.8431940630053885 1.1756471796131878 0.865565150504083 1.6729088574803808 2.389218002962258 3.9779219575244817 5.804039857409267 5.55887482295887 12.770736921373896 25.390547564893897 23.58623130019681 30.771562082420786 45.06015705151621 56.07599365417921 58.26860282031273 52.757247082224765 53.926142474709295 78.16847403866743 124.56200173448191 163.0176780522696 186.45477039674873 188.63418523637412
238.3820802613445 189.84042240289497 144.7801614753907 143.5238375887938 160.83335047417813 178.27219877941678 182.73258466494917 162.02675940120798 131.20467017372428 111.4188586933453 98.25643241568284 92.2332668887193 70.55040312592587 54.41193856261391 53.68538878980385 50.008729479715235 44.26068385084231 29.10926812702447 24.883228490420795 25.55957041169993 5.301131381523131 3.672581134591543 0.9804592148321459 1.2569062287600479 0.565433516700881 1.0570087351121071 1.8911937746554415 21.914813025179708 18.30247185124782 20.641921110702004 31.68771194289317 35.042011884747254 43.58124447036448 44.08617642981604 67.33289260503653 90.4848248295019 58.54216751794944 73.34427532977767 48.73984941228901 54.38074252707637 106.57762996052475 145.74510773136265 161.50151147043024 188.3667440720755 216.3277110485797
240.25187599935492 197.66739634137653 147.8165080773093 146.60271990058 132.38657079403262 142.21899585241837 147.2382435409595 140.50033694406443 112.40075392149738 105.77071139605118 91.76334274315244 73.93662261943274 60.72079596404783 52.83546239763913 37.99918038266931 33.4186069952313 35.91898193492767 27.288724548061175 12.248539705520374 7.026561410924781 4.810775657634413 3.102883085793464 0.259949931559779 0.0 0.0 13.397129465519704 22.74001388189195 28.243515380716925 28.900706310771994 49.831609608065605 55.64720197298505 60.620665917767 81.3206466479426 86.12617310107944 95.43146695845589 112.6208769178865 114.46993618610948 102.47835868661556 66.04087045729497 62.931152863868 87.93584702266541 130.90814838013114 178.41113132168854 195.85358298399478 217.3886203302593
222.8478123059987 211.04613558863593 180.13470164900647 139.4030959266421 126.37670454057965 114.46660679652328 124.05630593159643 114.46445534433244 93.61368925786633 84.92298392211198 79.6785350949963 72.04400239644946 59.003170722529454 47.231239429576966 41.13034777880777 29.04994943894654 22.05615096881345 19.552785464302293 9.545419948066804 4.877104860855721 3.6138605514776967 1.0796591083997302 0.4256886819093777 0.0 13.377309195184475 17.99343898846093 27.455715963082145 38.84006672958496 45.02537481522544 65.15857340671053 71.69863949378978 81.71936985466843 90.83616799258627 145.3409003117717 118.84793464738195 144.76022379998275 146.3864313976019 124.13339033939666 107.30928670370372 61.25955535469168 90.30867584342235 117.68595094633247 177.17717222163984 188.6210479570841 212.85606168653916
216.01664752348728 201.27047948152088 170.48914757026216 143.724221128573 112.41096215866696 103.52085413222754 89.83003758430776 86.7470133946668 86.08579606285109 78.31921465929068 69.84191927836298 58.495347610909356 50.25139998790659 41.578641527603 33.59984237953493 21.54340957060653 14.180008129476505 9.92346663761743 7.980628326587601 4.699820693106151 3.067233635545981 1.1117397812751566 0.3201932560578156 0.0 13.032243884509814 19.876192013466163 30.95473947720967 47.48998519580271 69.63341937731288 84.60973325782531 95.85614475951294 119.11550381945688 127.74315331672089 167.85158342956657 176.62426113026777 193.69851955084678 183.08361821670832 141.18782636868534 121.82517047130358 88.01601132806577 96.90831601130823 122.1157155650589 168.78227824572582 199.6881505919633 221.26181683378152
155.09174127056096 152.3483217091331 145.32521525413958 133.71961467196104 112.6525138026023 84.35411021145335 78.68105908886912 81.1922699991502 77.39019191356353 64.17098854882676 62.17036541765158 54.18995366659235 45.02821923842971 34.04227514071018 28.344862760765604 19.779259131900666 17.41968987858129 7.3983146146550185 4.626936770794074 3.9611182356841907 3.077766808312509 2.3157147663445152 0.4665215680880007 0.0 7.316576673150173 36.64324554036981 49.142423353318826 56.64852876636281 87.22924502062915 102.30105755055655 116.72821892980697 131.19382068194656 149.57611273494487 179.8294322861078 224.05774386783014 234.14914891711075 229.3227600886454 165.36288017299614 153.98972082950078 113.49761761916017 107.28420976610215 118.70022595387124 167.63437118388597 222.32987555022783 254.85793549996794
131.81627664885963 120.24581438017543 105.72506912239788 100.09007279359265 79.38339721292024 74.54993936061376 72.91069791835623 68.42263827886855 63.56458533353738 58.12101151939125 52.68694176838454 45.9329224581099 41.2141979746673 30.41897178432788 22.073098352331574 19.25303730250718 15.4449598423674 9.979501873146932 3.322568570022653 3.3363086731058402 2.862891143833633 0.9751879064594812 0.4992236738827582 7.180787104945254 10.553918451402254 23.729803127381093 53.95791955435537 74.55048857756135 99.68935332551013 87.71713461158937 120.8184127142492 133.6816377534815 187.66545818860916 203.92225696618885 263.6967947432004 285.1626544890452 250.85179736677514 225.0181835711909 170.11886108140186 120.54538536098639 102.01308074272522 118.14169892468296 151.57529673831883 204.44710235916176 214.1129540237283
103.80147332484448 96.67005263334637 81.74761743065626 77.07670883173321 73.83774984962824 67.90759252684556 59.99999999999999 53.7180944241168 54.574189963930124 54.33550421277216 49.45231922975041 44.24465920136306 37.06241982229457 31.015396045406476 24.17013913390792 19.754922240713768 16.358824547571245 5.636441254889361 2.314698283700862 1.7834104495262368 1.4219412318967881 0.29513751553257317 12.179872511910514 14.861488076460848 29.087900691899122 38.06348225190213 68.6705550221652 80.6215393546644 95.97556549821651 92.84774446496428 96.31041624287518 138.61800729851424 184.33852888972228 216.54239818595303 252.7034263088763 298.5711686055213 288.25986923442395 260.59816249364303 194.0811650944767 138.66548957217609 124.37380463945146 109.39335941509115 158.34884076383142 186.61611861781142 187.9006748478807
81.20562656014172 76.71096205746214 74.45233145370169 62.34833217433307 60.77958812382455 50.873167006631846 53.34228365869456 50.78340162160823 48.048837737074145 47.53645645213917 45.363040120954565 42.011922177167754 36.83825965316002 30.6140977278284 24.511244344019804 22.136816444467996 8.147766254161972 0.6765984150177752 0.9253038792708146 1.5028743380906406 0.4436664443973583 0.350853821293261 16.01712224688509 21.326934546834995 29.57501702419751 40.7325196780668 74.5196840670989 87.01333385475817 132.41978604274 133.300549808547 175.62700455523137 182.11153216091395 231.53017603532138 248.62533621432502 301.62535587743656 314.7538216236608 311.8618960294957 271.55747458684687 232.11245853509433 161.06093282930414 137.6664916786762 137.69830747157653 172.59783406973858 192.50252230619645 184.28187196926325
78.49271957777292 71.37505429580618 66.39469785391488 55.597336678252475 42.655761679787325 44.19286202278088 42.31989525380686 40.4734446390749 37.993849047093235 38.20889148320998 39.4549492162605 35.11147322761701 30.345757068490336 27.90020728551927 21.058444364102282 10.88146106228298 0.30483657822271526 0.0 0.48936703303892004 0.7032548348296227 0.45154486583626263 12.669632775329191 17.243365194022438 23.901044818628517 35.26352866993959 65.35720702716755 88.98510896421685 103.35833331656369 133.602086858912 168.30139558003472 201.4214010612753 222.36215067245655 266.22700944935104 299.94873993503796 322.6524428277119 331.1322964043753 325.4888577895875 303.9195405712468 227.99314143047437 202.06920302403466 166.56126072356767 174.16223894042392 198.86977630179206 215.03811791528994 196.73958470677732
58.49512048840255 63.460098628308394 55.145716817449426 46.74858432184448 35.68467181219031 37.0723431452312 39.12659505239803 32.53433973908187 33.8488040715377 31.262348548293073 32.97726512938233 31.636003836700837 28.943351172959883 27.994492657132177 14.116005326211383 2.4717802185177793 1.012126096958824 0.13595116679490563 0.4328084834889992 0.3902523801262586 5.931180435717074 11.022733089709922 13.756980744991036 46.70411646874246 54.61920452774815 74.88554254909019 94.44622425977207 133.18875113961494 138.55950806138435 183.28227190431093 195.02504475591778 235.73181898971754 263.294612628675 280.3452763428626 325.92908703480805 337.52045296921733 325.0410871008114 314.76920473375446 227.75808530614808 216.8565859028923 188.96808788994943 183.53223241418138 226.4316873808841 234.16767237360693 262.4654255590937
50.661894166043396 47.97534364916359 38.21589005718466 30.928778458157563 26.60262650755572 27.476528864819894 31.251844833538676 27.04972743193279 27.38024963861443 27.033674376082484 29.0684089242595 29.46672089454911 26.555306649755302 15.802444222451243 9.932002474797759 3.5591251167017193 1.9115997007243952 0.0 0.0 0.0 1.4989784259564822 22.597460810290197 21.37248649916435 34.874648499064854 62.48805058648868 84.25055986462729 122.52880357144639 137.57872423607347 151.20149036386667 192.74617616097547 220.9093553349139 249.79337611777893 271.6152130231899 292.05524030661957 329.9256543482264 345.3204416036686 341.1315429072125 311.47058547429197 286.5177063915707 230.9779802990126 200.69760792876133 208.25302422692715 237.46409958300924 256.4531987988609 281.4049757041252
42.16208690759479 37.61662148319797 30.652328309596648 21.857765179150814 19.02996073608997 22.07359248915137 20.713391821438037 23.038364333277265 23.881293260340392 21.58392737856056 23.04523416322088 22.42001917975675 17.14508521515123 15.245265384864004 11.29560451273232 2.7261942544929063 1.8651021061861215 0.0 0.0 0.0 0.0 8.960626824600427 17.019586224431364 50.21557525121692 81.03294988637678 101.15891361708438 103.37200087474595 139.46141495914404 169.2134268047051 203.4477750917941 229.88497593192028 262.85406569653003 274.53547375088124 284.3440843365999 334.74991051043685 354.8166793850745 368.8613828566276 330.88590242633165 302.4616449629176 244.44492600411039 227.35797658897604 219.12349168407894 278.54070064338856 295.7382155666074 299.60828494717754
30.568919931291312 23.394690669526348 19.00911337993115 10.624780679625902 10.112404092601135 8.655107352528997 6.505952857917693 9.897760311893142 14.644381253623823 14.301976861208392 16.165750796368528 9.466277576636562 10.482837408385102 8.147179633250836 8.586097796551861 1.2890070190820895 0.9196739740994497 0.0 0.0 0.0 0.0 12.45558738238811 41.11895230162877 53.214783353837724 95.36224423619902 101.37226291988765 106.0622678075083 147.61443233951107 165.00680174621988 210.19039305616332 234.3116541324181 247.47163045634278 279.63317046237324 325.14178502875365 345.26947785335557 373.4878613491869 379.39523320281387 356.8738747569156 351.53357884113143 295.27335874982896 273.1290370491205 244.16326378194984 289.46096263635235 321.67332285100997 344.84330891352
18.32301741550728 13.428179222310657 8.036373901762733 0.0 3.350944791805309 3.573411713340915 0.0 0.0 4.147205273673536 6.7430878162432295 6.152644425592112 4.092130486998415 5.171662180738789 3.9425147756717696 2.533176754373818 0.07469296373792148 0.0 0.0 1.6935460404763205 8.441260751556838 8.15479933313572 14.412880113083226 53.439723083721766 80.33892812224781 93.30540555690008 102.70245345545915 110.53766194850176 146.7692803995614 172.36928922452793 201.60406651445342 243.69346322853667 258.7630522361616 284.4010596616701 335.2803073930529 363.2106108179265 379.79517619311775 397.50850864689727 400.88496432729823 377.84815440342146 332.57056952839986 320.5849375809412 303.33794390281406 302.15619536368763 334.24659099817546 373.1605915502908
8.797927425633066 2.0057582882203744 1.1034151486015114 0.0 0.0 0.0 0.0 0.0 0.0 0.0 0.13364092413890014 0.7452294269296318 0.6593983566680957 0.0 0.0 0.0 0.0 11.657349175267074 12.839638703093998 30.23450988615135 38.13952423445925 44.23053838315313 67.5077251413134 107.99182249766491 131.04919214161546 144.5692691553478 115.90291020748879 127.81310908511038 163.5104104166125 178.61594428644275 243.46988337348904 253.8372663342837 306.88718290436105 346.519003649001 380.75874330654847 392.6118434851127 426.1745642228891 431.6105917162186 393.2912794674186 351.66893173550346 333.93810569391 313.65958560233605 326.96806909297436 349.3741966978888 390.50883825230227
0.5867163619919925 1.670265173252858 0.722274391474779 0.0 0.0 0.0 0.451306107400041 0.921293485081421 0.9978738398487678 0.41098892336335824 1.136652461600232 1.330833396949427 1.5167511467035482 0.616285611012634 0.0 0.0 7.6353078193221915 17.371267054935803 22.955113064600223 39.728331200507895 42.443486338705725 67.25668964971554 98.87512596544083 109.64935482156477 132.80636340345185 168.4015652995664 155.13398014463345 170.09277723728482 173.85168927539522 188.5839612888925 235.82128722484256 280.0031674106081 300.7357828152096 342.8699724383345 422.9738874243591 447.35280040462226 426.1004393290555 451.8381842859097 431.7789233893178 394.2166703839584 375.3511076825796 327.5870073257639 330.28546742499714 367.21795661978376 427.36829825660453
0.3938458409157058 0.2664382183054302 0.0 0.0 2.8126067338070717 3.176981019064832 5.455947823358549 4.484750731637128 2.2517845383134825 1.74323273826195 1.6327171161219387 2.4453871365966653 2.4890087628954705 3.282844864311062 2.4546452583639593 12.641174113003352 32.92478787376267 24.304032822348546 36.014599600092 50.51066152422075 79.51763174341855 81.31288558880128 125.10597674377289 154.36303506828295 162.75870407349328 205.08815642476296 206.91759829439195 210.35470512744473 201.91867966568088 210.94632316558713 229.99883606116666 269.8573776325923 318.70997091801706 389.86714271033367 399.90234368809206 462.9360807911881 476.5139524666758 487.82533354621216 468.7106840804858 428.95042620551084 410.13902281534286 388.6712178252149 374.2734519749126 405.5897490047388 445.46810258481975
