hw/01/tin_tas.asc
NCOLS 184
NROWS 101
XLLCENTER 505061.47
YLLCENTER 5258336.13
CELLSIZE 100
NODATA_VALUE -9999
[rows 0 to 19 of 101, columns 135 to 179 of 184]
8.540669783737336 10.844279270849182 16.287089161068348 23.55400099274977 24.35547568827533 25.215553708476726 27.05972362915135 29.640675116200118 34.65931001880022 37.95166489807232 39.263011054955435 37.05163244923074 35.54486538285675 35.0367014398056 34.536894724903284 33.70755456170364 30.336528356088674 31.618974241207503 36.754195384448884 38.54075358566774 40.028893278055314 40.35237198009996 40.63055851362186 38.44359300740621 35.89564378835064 34.84505035063487 34.06068890922011 32.91273902017432 30.33853972344714 19.37750308112628 10.565817493254185 6.11396106160919 29.81401881558246 38.92345297856235 59.910133669429 99.90877451508389 100.66378732113883 100.5761911275018 100.25206573700771 101.49421921672264 103.12772626548933 104.94540210490219 107.00142812209484 109.35720410106121 120.36790840583713
5.845244733936472 8.894138229186751 12.692839873697848 21.51001018782153 27.604253168924938 28.500540745605363 28.409252917618467 29.32602157152598 31.338708912626668 35.1088937403551 35.61100253180687 35.46903484776384 34.29312802986855 32.5119604642718 31.28822656079189 30.30383867132317 29.24677350785535 31.694127269543376 34.50285709510296 40.07856936589288 41.260743416230774 40.55500372853398 39.33321322263191 36.456925141790656 34.19578250961115 34.24738481089855 27.744126808584735 26.731963863374723 18.783200620179887 20.321026840788736 11.574066245621177 7.601087098930734 10.406491787346642 27.28883395594273 65.62437484974623 96.71106441657992 106.01233752243452 108.33406350410976 112.1443989108718 117.26893698584159 128.4541250503544 144.11358017164872 160.81799880056138 163.1675571730201 142.38919930198165
3.3711504072276233 6.4978521496216475 8.033721069170118 16.478950879472286 20.795340896925914 27.565904282820732 26.869104297145512 27.042918101138834 31.083748854849414 33.388478025376656 31.740536023912 29.89598198684398 26.365227551947143 26.361173482800794 28.463287341594548 27.22322022990412 26.92044795042946 28.702030354363025 33.38031054463777 37.77776134966022 40.91372829097495 39.82458815186257 38.60331789808756 36.55504071826775 33.08036042696831 29.918505508380644 27.191074891314997 23.297149710691393 9.900856576233892 9.698503080246232 7.602371692399637 4.385224354155882 2.7268006297975274 30.10697099823302 71.58930890340058 95.11622862954226 103.6980445078283 102.87643784575509 114.10862661036948 116.52392951502834 128.8971623417665 147.14254122764183 157.46257986019967 164.2189626340781 154.0532714926835
1.463177266892949 1.7417819943526662 4.960284923096397 6.774308566428851 11.867233978298096 17.566461853596802 19.558403371070728 24.324714229795006 26.46927899836644 21.28007586549363 23.388106542090412 21.48215993399061 22.089930186508035 22.643986663126014 22.66107679587395 22.510584192091045 24.38207672699568 25.996214489923172 30.07373949458142 35.27065705563879 38.988968944822716 39.26998302094399 38.88831708775088 37.363364957630885 33.61222174581302 27.93976895432101 26.07582989151314 18.52982929376941 7.783021717032983 3.9026989301614003 4.224693007663921 4.895672668871768 26.984167661574674 48.70189474706095 70.75628259277558 82.25291488210391 85.99473352468965 90.24453433649612 94.94842680400065 113.26087375753639 126.2313970043051 129.53359357706216 144.38224865240298 141.61982348190486 133.56251374068168
0.0 0.0 0.6904446968808763 2.7399319704111265 4.523331984077992 1.9334783863684857 7.539811880283619 6.407807845871482 10.465196297321244 12.752020012834244 12.751710678989946 10.516475967144387 18.085250338833305 19.090170298113105 21.03642418649832 22.72211704333003 24.635555534248116 25.64772425463546 30.789761514494554 35.32008890143568 37.7864084268039 38.311916453805615 39.47089143096915 37.7629447190902 34.3285314145026 30.583694621729258 17.879091303350194 16.282343583479406 7.076321835057595 9.228681390749465 14.434932350267163 19.255141328937192 40.401215127584564 53.80360811608332 57.17531740210834 57.38225512416201 62.6609913248475 82.38608156701454 94.23642987906608 107.79835865422575 112.50307061273352 108.14971257281556 105.51773447003339 124.25360650651454 121.20851546877837
0.0 0.0 0.0 1.4975292134842475 1.6323442178704954 0.814522176577282 0.0 0.0 2.0679633278564102 6.608458994298788 2.5699639196461153 3.8198468872501445 10.298973752404098 19.360062475496903 24.110272727436065 28.0292968195048 27.773281362787575 30.47766428958174 32.55163041258605 35.128842052546 37.31350802974959 38.33322030020551 38.908964666719264 36.919562975301304 34.15469048175931 24.749089839047837 11.198570789720133 9.83711441806063 12.358904669627794 22.398202857222962 22.1415948065295 23.880544287989096 30.528278207506318 29.53036386499801 33.74617041681161 44.12991093105511 50.84526463300082 67.3814922230059 76.27495605969806 87.27733194790754 90.79926864460856 94.51246778500244 99.0932933437241 82.47001826433333 94.17219317292326
0.0 0.0 0.0 0.0 1.0249819899362993 0.7697415613120667 0.0 0.0 0.0 0.997793110543625 1.9167794541268346 7.093792645576542 7.354241013450327 12.840597346397923 25.903306048291874 30.193105692229967 30.31218926978489 31.330609931350335 33.50997763794343 35.2779312317295 35.92255212412552 36.545335739458885 37.47640152047449 38.17298657460189 32.624253435430006 22.198306164689395 4.283120920261441 9.979062608422275 19.971484799003015 24.55685933112131 26.994692284104723 24.965284592298083 30.96450928564651 30.856421643178642 33.232774683025895 38.05339099846141 50.45434637668094 50.978025352100126 66.0370169590089 77.25270164349345 58.74589010653715 55.58257527958394 62.28932648594569 68.24355347846088 71.20364115752893
0.0 0.0 0.0 0.0 0.40524784650914425 0.0 0.0 0.0 0.0 0.0 1.5266313891642218 6.0401317158516665 4.616176313237181 12.279373117456133 15.854832198963768 24.45981780186795 28.39190763155692 30.2247350190964 32.042200609601565 33.68810342822613 35.857735768768336 36.23282578655506 36.897126926019574 34.3979019397568 31.656361172783853 14.061601761360485 2.9947057985302017 6.334715421928423 13.496650913274074 19.120103766899398 16.841440726654934 23.923987209219618 28.484639746881786 28.654517323000068 25.956584609694687 40.50617560443069 49.31188469619571 50.26490595958704 50.6995227155705 44.89724130378682 41.7696129862391 43.958899442636245 44.11759682373454 58.407783797255696 61.23253381204592
0.0 0.0 0.0 0.0 0.0 0.0 0.0 0.0 0.0 0.0 1.1431814259162978 4.424556963303452 2.71409031542853 8.832450125622998 13.923375422276738 20.45899737844418 24.46094966490715 25.91989777457406 29.07876757688386 32.69000041799395 34.15649724188143 35.65145897595931 35.10095564314664 32.93302127290314 22.27458500175969 7.176679407557456 4.173066576077501 6.469162518680405 9.71225363272385 11.417114794619032 13.275501370723605 11.8495085224131 16.085832996378734 16.530149189282636 19.331423408940765 33.594492775775436 39.87062184136243 40.628312513088346 38.34982256544756 35.235880936688005 38.667054415981035 36.3193968262169 39.429154703639966 39.755036628208885 45.89068796052415
0.0 0.0 0.0 0.0 0.0 0.0 0.0 0.0 0.0 0.0 0.0 1.4785850974187544 1.7280060786033669 0.0 6.349177661056833 11.516052273341424 16.75812929690721 24.52240760044423 25.088632508927017 27.63692140680878 33.107731505709026 33.5809274255566 33.151344109245244 24.79378570067364 19.34223508368974 6.383998117884956 12.054339884806598 10.954050469910495 10.746935298141995 11.29372062476157 9.281317689985595 9.643223119321556 10.6253289606243 12.594765337441325 21.527709441016867 31.777828232559497 31.409223039657423 26.376747847613746 27.93799704222236 26.078118980292 24.687501983859892 27.616709684595246 25.93826087889941 26.47250029763018 32.34715156136712
0.0 0.0 0.0 0.0 0.0 0.0 0.0 0.0 0.0 0.0 0.0 0.0 0.0 0.0 5.599206949058714 12.02790196092424 13.320019718031608 13.969221406269694 21.30279960157532 24.491801804500962 29.34485668357854 31.10951974818882 29.635158822311436 24.55771112132485 12.84619235677352 12.769589484326842 13.09919050046543 13.047570883425688 18.24910447121839 15.300354237115194 13.385737642412 11.418928938060937 14.125723162470365 20.273074643545044 26.073280875621847 28.340709070327467 20.18403287127502 19.71884876571375 17.827636366331514 20.207310336058523 22.124160787658464 22.51973351014597 25.425071002494665 30.341116529783502 30.49133396244224
0.0 0.0 0.0 0.0 0.0 0.0 0.0 0.0 0.0 0.0 0.0 0.0 0.0 0.0 0.0 7.561331975462334 10.764301984322229 12.839724263443033 14.28760908389453 19.747866882974165 24.413404883386118 27.340473513115636 20.23906518179473 18.185472391202907 8.566543081467493 6.594254697408105 14.582502239108637 15.469076019430299 21.40176941589322 21.032412555264493 21.376098415638257 19.939532097949034 19.823704667463954 25.042332705812328 20.408511199484362 20.648758043615985 20.675194909467518 20.626913555715554 17.966573473407717 16.976153071454977 21.46892024934933 25.432540143436416 30.278837575445653 32.57597809808472 32.68396947404846
0.9923653183551882 0.9185931112703363 0.0 0.0 0.0 0.0 0.0 0.0 0.0 0.0 0.0 0.0 0.0 0.0 0.0 1.6169271162641041 2.285178668490986 4.806708397283982 7.303543161481394 17.711869317878755 19.622495693895885 22.51839352744212 12.672733933708638 6.337531583505532 2.3216481851175 2.9550577191038814 8.015882367307343 17.670881872587078 22.636001522024696 25.956514577339284 24.44938278760871 25.320754959333538 29.654149325607026 30.654529007908497 27.11856977260324 25.46946362658256 21.52371910958056 19.512871782186465 18.15763978653809 17.535965348723074 20.689658991285082 26.899263295606566 31.15652114281036 33.5754973521514 34.53101963217027
1.5869431272912247 1.1252254953174965 0.6282844990827305 0.0 0.0 0.0 0.0 0.0 0.0 0.0 0.0 0.0 0.0 0.0 0.0 0.0 0.0 3.188324550146528 3.6595325003410264 10.33688975313781 18.760125142390603 15.900357676631552 13.652712926200003 9.809294891275686 1.7453265582589268 3.6891077151293805 7.293862737921939 17.321041917974934 21.157929414723256 23.085766178137227 26.092799212843552 28.34617904096775 33.77462226400856 35.56215849574691 33.83893571778944 32.05596911718003 29.374089460453995 22.18583053174729 19.38295701791587 18.640680142754302 19.400360845610223 24.10543983778597 28.80393901066323 32.893948667180254 36.86093818418401
1.8805830773020231 1.089037510687949 0.6279366814981506 0.0 0.0 0.0 0.0 0.0 0.0 0.0 0.0 0.0 0.0 0.0 0.0 0.0 0.0 0.3787608823676107 1.8683662307018059 9.174257315375018 12.740155181587799 12.647185234405251 5.862394850459934 3.9453520067640504 2.708532225664352 2.009129509099185 6.5502963110042955 10.33707577293349 14.499195191096792 19.33491417271286 23.605885444204432 25.876070513042226 33.75612741945929 37.9941714914707 39.042339683670846 39.45905566752287 32.90244482616502 24.290866034448214 21.504300999909223 18.645279349899276 20.012603920549395 24.657600201798388 27.51383527116483 31.095575291749466 37.54119037422847
10.435403385406783 6.778704145354695 1.4684755269485954 0.0 0.0 0.0 0.0 0.0 0.0 0.0 0.0 0.0 0.0 0.0 0.0 0.0 0.0 0.0 2.5948239787291265 5.609365125840494 10.154104018913554 8.861981236674215 5.034454409561355 3.498475218256698 2.3833876888214656 1.4721328243046607 4.375057532052514 9.727055852603513 11.791223154132947 15.551954538919375 18.635304841926203 25.104645699687964 33.39196535578697 40.698497860667004 44.085500436114486 41.00770309308841 39.47168895668961 28.484543878408108 23.397435512942145 20.639365243149303 19.182502185920235 22.614868923315388 26.806968903817538 30.854784980689725 28.188589699061335
25.223910914786725 19.078590614320916 10.570610452816416 0.9096171321318519 3.51076766492865 3.5493676184746077 0.0 0.0 0.0 0.0 0.0 0.0 0.0 0.0 0.0 0.0 0.0 0.0 2.1570519616175363 5.273624717182139 5.865169118265825 6.783329073739821 7.026415786476126 6.270359138628367 4.918304064700107 2.779649270112564 0.0 3.4468062944782485 5.682202590202383 11.509119740429119 19.893666853723456 20.749714641118572 26.973970981669055 35.80198187696707 44.548948827788415 43.42870317141583 40.43026095122739 28.05895469866918 23.275180749832224 20.194838041864525 17.70669131433443 22.142768304991005 24.284285371577056 26.525671115525554 24.481055940937345
27.887910132607708 18.770432861849432 4.842061063436914 4.256617196650025 7.114481153309329 5.178541898371117 3.8642791512728007 0.0 0.0 0.0 0.0 0.0 0.0 0.0 0.0 0.0 0.0 0.0 0.0 1.1096433628831874 2.257141417569691 4.2074207992998724 7.421295119573098 7.165456271333214 6.2567834595357334 3.0918138523438192 2.1639455303529944 0.0 1.3416956048204045 9.590159591512842 14.218733692696317 20.50344611533964 28.326364242898848 35.81737683472247 43.110101676942975 44.40413406108031 36.75183392111361 24.182281297107465 16.279624980938493 16.11868262682648 16.678243307337084 20.16113365541731 21.21960445242328 20.47152695417783 16.575237522627788
33.15473222659132 17.085596111548483 9.510693427705869 12.855553945897531 11.806124722816058 12.404797744480996 3.9095649627368094 2.50528459143887 0.0 0.0 0.0 0.0 0.0 0.0 0.0 0.0 0.0 0.0 0.0 0.0 1.4624952161435059 2.8106395524459273 6.37620665803144 8.809076130858276 6.43278480430675 4.274051603329648 2.636276241130449 0.9555579463581885 0.0 8.190504529503725 11.90594749301279 15.451759511341475 26.93054111176007 35.86102801887462 38.99132008268321 31.882361930468743 34.17805127525035 17.042639044712452 9.96982547708475 10.303549629597903 11.407871771470278 13.599208669903344 14.982738362236201 14.229182262799602 13.982572810113034
36.25562401927249 21.74942877723022 14.034941997983678 14.824127490293067 15.957873909006688 14.703125841293952 12.102246529339007 8.191259291881318 1.8113974424204804 0.0 0.0 0.0 0.0 0.0 0.0 0.0 0.0 0.0 0.0 0.0 1.0736392021703478 2.7153116819099714 5.450628000929669 10.154813581859736 7.206187991639388 4.205004236243291 2.3373344916563097 0.0 0.0 2.6442493059101206 4.399866528117188 13.776755778537213 18.367237644886938 20.415217124890592 25.0824094742585 17.87230052553535 17.200803924182306 5.315887518020597 6.815758842844455 6.903739517921389 8.096679738402228 9.257919239135445 10.08371804990093 10.609353027677335 12.80247238685828
